peguo0@peng-ubuntu:~$ cat /data/imageProcessingNAS/farmVideos/metadata/8003993/202001/20200128/PT-200128-123033.log | grep 'P,\|U,\|E,'
28/01/2020 13:52:49.078	E,1,,0,0,0,0,0,0
28/01/2020 13:52:55.781	E,2,,0,0,0,0,0,0
28/01/2020 13:53:03.468	E,54,,0,0,0,0,0,0
28/01/2020 13:53:10.777	P,1,982 123475146652,0,0,0,0,0,0
28/01/2020 13:53:17.995	P,2,982 123478534739,0,0,0,0,0,0
28/01/2020 13:53:25.315	P,3,982 123478508155,0,0,0,0,0,0
28/01/2020 13:53:32.612	P,4,982 123478534868,0,0,0,0,0,0
28/01/2020 13:53:39.857	P,5,982 123726496176,0,0,0,0,0,0
28/01/2020 13:53:46.970	P,6,982 123518698402,0,0,0,0,0,0
28/01/2020 13:53:54.336	P,7,982 123475146587,0,0,0,0,0,0
28/01/2020 13:54:01.573	P,8,982 123520571543,0,0,0,0,0,0
28/01/2020 13:54:08.897	P,9,982 123531952051,0,0,0,0,0,0
28/01/2020 13:54:16.200	P,10,982 123478535023,0,0,0,0,0,0
28/01/2020 13:54:23.453	P,11,982 091001194009,0,0,0,0,0,0
28/01/2020 13:54:30.849	P,12,982 123520571359,0,0,0,0,0,0
28/01/2020 13:54:38.082	P,13,982 123475146616,0,0,0,0,0,0
28/01/2020 13:54:45.240	U,14,,0,0,0,0,0,0
28/01/2020 13:54:52.501	P,15,982 123520571530,0,0,0,0,0,0
28/01/2020 13:54:59.772	P,16,982 123732446240,0,0,0,0,0,0
28/01/2020 13:55:07.064	P,17,982 091001193928,0,0,0,0,0,0
28/01/2020 13:55:14.297	P,18,982 123739375376,0,0,0,0,0,0
28/01/2020 13:55:21.520	P,19,982 123550752979,0,0,0,0,0,0
28/01/2020 13:55:28.840	P,20,982 123531951931,0,0,0,0,0,0
28/01/2020 13:55:36.139	P,21,982 123714829329,0,0,0,0,0,0
28/01/2020 13:55:43.426	P,22,982 123726496185,0,0,0,0,0,0
28/01/2020 13:55:50.637	P,23,982 000161226273,0,0,0,0,0,0
28/01/2020 13:55:57.920	P,24,982 123464414443,0,0,0,0,0,0
28/01/2020 13:56:05.234	P,25,982 123530689078,0,0,0,0,0,0
28/01/2020 13:56:12.527	P,26,982 123476954851,0,0,0,0,0,0
28/01/2020 13:56:19.956	P,27,982 091000609936,0,0,0,0,0,0
28/01/2020 13:56:27.113	P,28,982 091001181323,0,0,0,0,0,0
28/01/2020 13:56:34.373	P,29,982 123478535067,0,0,0,0,0,0
28/01/2020 13:56:41.681	P,30,982 123550752976,0,0,0,0,0,0
28/01/2020 13:56:48.991	P,31,982 123531952018,0,0,0,0,0,0
28/01/2020 13:56:56.268	P,32,982 123478534986,0,0,0,0,0,0
28/01/2020 13:57:03.546	P,33,982 123475146664,0,0,0,0,0,0
28/01/2020 13:57:10.719	P,34,982 123546552930,0,0,0,0,0,0
28/01/2020 13:57:17.952	P,35,982 123518698358,0,0,0,0,0,0
28/01/2020 13:57:25.153	P,36,982 091001180997,0,0,0,0,0,0
28/01/2020 13:57:32.425	P,37,982 123531951965,0,0,0,0,0,0
28/01/2020 13:57:39.766	P,38,982 123476954855,0,0,0,0,0,0
28/01/2020 13:57:47.048	P,39,982 123550752998,0,0,0,0,0,0
28/01/2020 13:57:54.334	P,40,982 123531951940,0,0,0,0,0,0
28/01/2020 13:58:01.676	P,41,982 123732446218,0,0,0,0,0,0
28/01/2020 13:58:08.865	P,42,982 091012647182,0,0,0,0,0,0
28/01/2020 13:58:16.174	P,43,982 123475146607,0,0,0,0,0,0
28/01/2020 13:58:23.584	P,44,982 123531951928,0,0,0,0,0,0
28/01/2020 13:58:30.915	P,45,982 123546552939,0,0,0,0,0,0
28/01/2020 13:58:38.192	P,46,982 091001181245,0,0,0,0,0,0
28/01/2020 13:58:45.489	P,47,982 123475146812,0,0,0,0,0,0
28/01/2020 13:58:52.880	P,48,982 123475146624,0,0,0,0,0,0
28/01/2020 13:59:00.123	P,49,982 123531951989,0,0,0,0,0,0
28/01/2020 13:59:07.401	P,50,982 091000197329,0,0,0,0,0,0
28/01/2020 13:59:14.634	P,51,982 123531951906,0,0,0,0,0,0
28/01/2020 13:59:22.055	P,52,982 123546552924,0,0,0,0,0,0
28/01/2020 13:59:28.850	P,53,982 000189576494,0,0,0,0,0,0
28/01/2020 13:59:36.611	P,54,982 123478535036,0,0,0,0,0,0
28/01/2020 13:59:43.928	P,1,982 123714829356,0,0,0,0,0,0
28/01/2020 13:59:51.221	P,2,982 091004778821,0,0,0,0,0,0
28/01/2020 13:59:58.550	P,3,982 123478535003,0,0,0,0,0,0
28/01/2020 14:00:05.921	P,4,982 000189576172,0,0,0,0,0,0
28/01/2020 14:00:13.174	P,5,982 123531951920,0,0,0,0,0,0
28/01/2020 14:00:20.353	P,6,982 091004778634,0,0,0,0,0,0
28/01/2020 14:00:27.758	P,7,982 123475146680,0,0,0,0,0,0
28/01/2020 14:00:35.040	P,8,982 123726496167,0,0,0,0,0,0
28/01/2020 14:00:42.408	P,9,982 123518698399,0,0,0,0,0,0
28/01/2020 14:00:49.766	P,10,982 091001181397,0,0,0,0,0,0
28/01/2020 14:00:57.080	P,11,982 091000199513,0,0,0,0,0,0
28/01/2020 14:01:04.522	P,12,982 123512779015,0,0,0,0,0,0
28/01/2020 14:01:11.776	P,13,982 091012647300,0,0,0,0,0,0
28/01/2020 14:01:18.954	P,14,982 123480992318,0,0,0,0,0,0
28/01/2020 14:01:26.296	P,15,982 123521306037,0,0,0,0,0,0
28/01/2020 14:01:33.615	P,16,982 123518698345,0,0,0,0,0,0
28/01/2020 14:01:40.920	P,17,982 091001206189,0,0,0,0,0,0
28/01/2020 14:01:48.164	P,18,982 123478534933,0,0,0,0,0,0
28/01/2020 14:01:55.434	P,19,982 000189576052,0,0,0,0,0,0
28/01/2020 14:02:02.830	P,20,982 123478535070,0,0,0,0,0,0
28/01/2020 14:02:10.205	P,21,982 123732446219,0,0,0,0,0,0
28/01/2020 14:02:17.476	P,22,982 123476954842,0,0,0,0,0,0
28/01/2020 14:02:24.688	P,23,982 123531951869,0,0,0,0,0,0
28/01/2020 14:02:32.029	P,24,982 123476954853,0,0,0,0,0,0
28/01/2020 14:02:39.360	P,25,982 123478534882,0,0,0,0,0,0
28/01/2020 14:02:46.740	P,26,982 123520571565,0,0,0,0,0,0
28/01/2020 14:02:54.137	P,27,982 123475146871,0,0,0,0,0,0
28/01/2020 14:03:01.326	P,28,982 123478534952,0,0,0,0,0,0
28/01/2020 14:03:08.657	P,29,982 123524486664,0,0,0,0,0,0
28/01/2020 14:03:15.949	P,30,982 091001181261,0,0,0,0,0,0
28/01/2020 14:03:23.281	P,31,982 123482461825,0,0,0,0,0,0
28/01/2020 14:03:30.578	P,32,982 123524486649,0,0,0,0,0,0
28/01/2020 14:03:37.872	P,33,982 123475146846,0,0,0,0,0,0
28/01/2020 14:03:45.034	P,34,982 123726496181,0,0,0,0,0,0
28/01/2020 14:03:52.271	P,35,982 123464414547,0,0,0,0,0,0
28/01/2020 14:03:59.496	P,36,982 123475146767,0,0,0,0,0,0
28/01/2020 14:04:06.787	P,37,982 123520571426,0,0,0,0,0,0
28/01/2020 14:04:14.117	P,38,982 123531951960,0,0,0,0,0,0
28/01/2020 14:04:21.475	P,39,982 123464413965,0,0,0,0,0,0
28/01/2020 14:04:28.709	P,40,982 123531952011,0,0,0,0,0,0
28/01/2020 14:04:36.055	P,41,982 123526230204,0,0,0,0,0,0
28/01/2020 14:04:43.235	P,42,982 123520571556,0,0,0,0,0,0
28/01/2020 14:04:50.565	P,43,982 123476954812,0,0,0,0,0,0
28/01/2020 14:04:57.912	P,44,982 123520571371,0,0,0,0,0,0
28/01/2020 14:05:05.258	P,45,982 123531951944,0,0,0,0,0,0
28/01/2020 14:05:12.481	P,46,982 091001181245,0,0,0,0,0,0
28/01/2020 14:05:19.779	P,47,982 123732446247,0,0,0,0,0,0
28/01/2020 14:05:27.163	P,48,982 123475146599,0,0,0,0,0,0
28/01/2020 14:05:34.427	P,49,982 123531951866,0,0,0,0,0,0
28/01/2020 14:05:41.692	P,50,982 123531951964,0,0,0,0,0,0
28/01/2020 14:05:48.916	P,51,982 123531951925,0,0,0,0,0,0
28/01/2020 14:05:56.377	P,52,982 123531951994,0,0,0,0,0,0
28/01/2020 14:06:03.112	P,53,982 091001205630,0,0,0,0,0,0
28/01/2020 14:06:10.887	P,54,982 123475146645,0,0,0,0,0,0
28/01/2020 14:06:18.248	P,1,982 123531951936,0,0,0,0,0,0
28/01/2020 14:06:25.458	P,2,982 123485232785,0,0,0,0,0,0
28/01/2020 14:06:32.833	P,3,982 123531951972,0,0,0,0,0,0
28/01/2020 14:06:40.190	P,4,982 123475146860,0,0,0,0,0,0
28/01/2020 14:06:47.417	P,5,982 123475146554,0,0,0,0,0,0
28/01/2020 14:06:54.583	P,6,982 123531952054,0,0,0,0,0,0
28/01/2020 14:07:01.934	P,7,982 123478534770,0,0,0,0,0,0
28/01/2020 14:07:09.259	P,8,982 123530689077,0,0,0,0,0,0
28/01/2020 14:07:16.570	P,9,982 091014657649,0,0,0,0,0,0
28/01/2020 14:07:23.945	P,10,982 123478535047,0,0,0,0,0,0
28/01/2020 14:07:31.223	P,11,982 091001182445,0,0,0,0,0,0
28/01/2020 14:07:38.656	P,12,982 123476954821,0,0,0,0,0,0
28/01/2020 14:07:45.938	P,13,982 123531952023,0,0,0,0,0,0
28/01/2020 14:07:53.107	P,14,982 091001181260,0,0,0,0,0,0
28/01/2020 14:08:00.401	P,15,982 123531951883,0,0,0,0,0,0
28/01/2020 14:08:07.695	P,16,982 123520571477,0,0,0,0,0,0
28/01/2020 14:08:15.013	P,17,982 123520571444,0,0,0,0,0,0
28/01/2020 14:08:22.240	P,18,982 123475146714,0,0,0,0,0,0
28/01/2020 14:08:29.489	P,19,982 091001194055,0,0,0,0,0,0
28/01/2020 14:08:36.886	P,20,982 123520571504,0,0,0,0,0,0
28/01/2020 14:08:44.228	P,21,982 123520571393,0,0,0,0,0,0
28/01/2020 14:08:51.509	P,22,982 123478535044,0,0,0,0,0,0
28/01/2020 14:08:58.720	P,23,982 123520571418,0,0,0,0,0,0
28/01/2020 14:09:06.027	P,24,982 091001194042,0,0,0,0,0,0
28/01/2020 14:09:13.350	P,25,982 123550753002,0,0,0,0,0,0
28/01/2020 14:09:20.719	P,26,982 123476954850,0,0,0,0,0,0
28/01/2020 14:09:28.153	P,27,982 123485232759,0,0,0,0,0,0
28/01/2020 14:09:35.375	P,28,982 123512779019,0,0,0,0,0,0
28/01/2020 14:09:42.650	P,29,982 091000199396,0,0,0,0,0,0
28/01/2020 14:09:50.016	P,30,982 123520571323,0,0,0,0,0,0
28/01/2020 14:09:57.307	P,31,982 123518698343,0,0,0,0,0,0
28/01/2020 14:10:04.684	P,32,982 123531951899,0,0,0,0,0,0
28/01/2020 14:10:11.932	P,33,982 123518698418,0,0,0,0,0,0
28/01/2020 14:10:19.147	P,34,982 123520571463,0,0,0,0,0,0
28/01/2020 14:10:26.376	P,35,982 123714829373,0,0,0,0,0,0
28/01/2020 14:10:33.664	P,36,982 123520571494,0,0,0,0,0,0
28/01/2020 14:10:40.959	P,37,982 000159019323,0,0,0,0,0,0
28/01/2020 14:10:48.310	U,38,,0,0,0,0,0,0
28/01/2020 14:10:55.603	P,39,982 123520571491,0,0,0,0,0,0
28/01/2020 14:11:02.862	P,40,982 123526230211,0,0,0,0,0,0
28/01/2020 14:11:10.174	P,41,982 123518698368,0,0,0,0,0,0
28/01/2020 14:11:17.339	P,42,982 123476954826,0,0,0,0,0,0
28/01/2020 14:11:24.680	P,43,982 123531952002,0,0,0,0,0,0
28/01/2020 14:11:32.060	P,44,982 123520571429,0,0,0,0,0,0
28/01/2020 14:11:39.418	P,45,982 123520571510,0,0,0,0,0,0
28/01/2020 14:11:46.645	P,46,982 123520571550,0,0,0,0,0,0
28/01/2020 14:11:53.948	P,47,982 123478534983,0,0,0,0,0,0
28/01/2020 14:12:01.327	P,48,982 123510021205,0,0,0,0,0,0
28/01/2020 14:12:08.587	P,49,982 123518698347,0,0,0,0,0,0
28/01/2020 14:12:15.900	P,50,982 123478534955,0,0,0,0,0,0
28/01/2020 14:12:23.074	P,51,982 123550753010,0,0,0,0,0,0
28/01/2020 14:12:30.572	P,52,982 123518698354,0,0,0,0,0,0
28/01/2020 14:12:37.333	P,53,982 123485232884,0,0,0,0,0,0
28/01/2020 14:12:45.098	P,54,982 123531951955,0,0,0,0,0,0
28/01/2020 14:12:52.440	P,1,982 123520571457,0,0,0,0,0,0
28/01/2020 14:12:59.670	P,2,982 123531951988,0,0,0,0,0,0
28/01/2020 14:13:07.055	P,3,982 123476954885,0,0,0,0,0,0
28/01/2020 14:13:14.402	P,4,982 123533468189,0,0,0,0,0,0
28/01/2020 14:13:42.066	P,5,982 123478543635,0,0,0,0,0,0
28/01/2020 14:13:49.248	P,6,982 123520571403,0,0,0,0,0,0
28/01/2020 14:13:56.627	P,7,982 123531951868,0,0,0,0,0,0
28/01/2020 14:14:03.933	P,8,982 123456841572,0,0,0,0,0,0
28/01/2020 14:14:11.287	P,9,982 123714829371,0,0,0,0,0,0
28/01/2020 14:14:18.627	P,10,982 091012769713,0,0,0,0,0,0
28/01/2020 14:14:25.922	P,11,982 123478543836,0,0,0,0,0,0
28/01/2020 14:14:33.354	P,12,982 091004778691,0,0,0,0,0,0
28/01/2020 14:14:40.649	P,13,982 123531951984,0,0,0,0,0,0
28/01/2020 14:14:47.876	P,14,982 123518698331,0,0,0,0,0,0
28/01/2020 14:14:55.167	P,15,982 123550752994,0,0,0,0,0,0
28/01/2020 14:15:02.478	P,16,982 123732446221,0,0,0,0,0,0
28/01/2020 14:15:09.757	P,17,982 123520571319,0,0,0,0,0,0
28/01/2020 14:15:16.997	P,18,982 123518698333,0,0,0,0,0,0
28/01/2020 14:15:24.246	P,19,982 123464414402,0,0,0,0,0,0
28/01/2020 14:15:31.608	P,20,982 123478227936,0,0,0,0,0,0
28/01/2020 14:15:38.960	P,21,982 123531952001,0,0,0,0,0,0
28/01/2020 14:15:46.251	P,22,982 123520571514,0,0,0,0,0,0
28/01/2020 14:15:53.457	P,23,982 123550753005,0,0,0,0,0,0
28/01/2020 14:16:00.798	P,24,982 123476954860,0,0,0,0,0,0
28/01/2020 14:16:08.073	P,25,982 091001194114,0,0,0,0,0,0
28/01/2020 14:16:15.453	P,26,982 123478535031,0,0,0,0,0,0
28/01/2020 14:16:22.849	P,27,982 123518698365,0,0,0,0,0,0
28/01/2020 14:16:30.077	P,28,982 123464414053,0,0,0,0,0,0
28/01/2020 14:16:37.368	P,29,982 123520571496,0,0,0,0,0,0
28/01/2020 14:16:44.637	P,30,982 123478534992,0,0,0,0,0,0
28/01/2020 14:16:51.979	P,31,982 123520571471,0,0,0,0,0,0
28/01/2020 14:16:59.276	P,32,982 123478535068,0,0,0,0,0,0
28/01/2020 14:17:06.533	P,33,982 123732446251,0,0,0,0,0,0
28/01/2020 14:17:13.762	P,34,982 123464414023,0,0,0,0,0,0
28/01/2020 14:17:20.995	P,35,982 123531951875,0,0,0,0,0,0
28/01/2020 14:17:28.234	P,36,982 123531951943,0,0,0,0,0,0
28/01/2020 14:17:35.481	P,37,982 091004778301,0,0,0,0,0,0
28/01/2020 14:17:42.815	P,38,982 123518698474,0,0,0,0,0,0
28/01/2020 14:17:50.166	P,39,982 123531952048,0,0,0,0,0,0
28/01/2020 14:17:57.380	P,40,982 123475146621,0,0,0,0,0,0
28/01/2020 14:18:04.694	P,41,982 123531951919,0,0,0,0,0,0
28/01/2020 14:18:11.877	P,42,982 123518698440,0,0,0,0,0,0
28/01/2020 14:18:19.192	P,43,982 091000124916,0,0,0,0,0,0
28/01/2020 14:18:26.620	P,44,982 123531952049,0,0,0,0,0,0
28/01/2020 14:18:33.933	P,45,982 123510021220,0,0,0,0,0,0
28/01/2020 14:18:41.207	P,46,982 123476954838,0,0,0,0,0,0
28/01/2020 14:18:48.481	P,47,982 123485225451,0,0,0,0,0,0
28/01/2020 14:18:55.872	P,48,982 123478534699,0,0,0,0,0,0
28/01/2020 14:19:03.114	P,49,982 123478534876,0,0,0,0,0,0
28/01/2020 14:19:10.410	P,50,982 123739375343,0,0,0,0,0,0
28/01/2020 14:19:17.641	P,51,982 123526230183,0,0,0,0,0,0
28/01/2020 14:19:25.114	P,52,982 123510021204,0,0,0,0,0,0
28/01/2020 14:19:31.850	P,53,982 123531951889,0,0,0,0,0,0
28/01/2020 14:19:39.609	P,54,982 123714829346,0,0,0,0,0,0
28/01/2020 14:19:46.990	P,1,982 091001181120,0,0,0,0,0,0
28/01/2020 14:19:54.267	P,2,982 123478535075,0,0,0,0,0,0
28/01/2020 14:20:01.598	P,3,982 123531951946,0,0,0,0,0,0
28/01/2020 14:20:08.984	P,4,982 123531951948,0,0,0,0,0,0
28/01/2020 14:20:16.215	P,5,982 091001181195,0,0,0,0,0,0
28/01/2020 14:20:23.443	P,6,982 123531951983,0,0,0,0,0,0
28/01/2020 14:20:30.769	P,7,982 123533468206,0,0,0,0,0,0
28/01/2020 14:20:38.119	P,8,982 123520571522,0,0,0,0,0,0
28/01/2020 14:20:45.471	P,9,982 000189576080,0,0,0,0,0,0
28/01/2020 14:20:52.842	P,10,982 091001181336,0,0,0,0,0,0
28/01/2020 14:21:00.123	P,11,982 123531951871,0,0,0,0,0,0
28/01/2020 14:21:07.582	P,12,982 123531951976,0,0,0,0,0,0
28/01/2020 14:21:14.842	P,13,982 123531951909,0,0,0,0,0,0
28/01/2020 14:21:22.016	P,14,982 123544234950,0,0,0,0,0,0
28/01/2020 14:21:29.345	P,15,982 123531951876,0,0,0,0,0,0
28/01/2020 14:21:36.659	P,16,982 123550752999,0,0,0,0,0,0
28/01/2020 14:21:43.901	P,17,982 123531952020,0,0,0,0,0,0
28/01/2020 14:21:51.134	P,18,982 123531951892,0,0,0,0,0,0
28/01/2020 14:21:58.416	P,19,982 123531951882,0,0,0,0,0,0
28/01/2020 14:22:05.806	P,20,982 123533468195,0,0,0,0,0,0
28/01/2020 14:22:13.149	P,21,982 123476954817,0,0,0,0,0,0
28/01/2020 14:22:20.431	P,22,982 123531952026,0,0,0,0,0,0
28/01/2020 14:22:27.633	P,23,982 123531951982,0,0,0,0,0,0
28/01/2020 14:22:34.929	P,24,982 123475146853,0,0,0,0,0,0
28/01/2020 14:22:42.269	P,25,982 123531951863,0,0,0,0,0,0
28/01/2020 14:22:49.670	P,26,982 091001181013,0,0,0,0,0,0
28/01/2020 14:22:57.096	P,27,982 123739375359,0,0,0,0,0,0
28/01/2020 14:23:04.291	P,28,982 123518698346,0,0,0,0,0,0
28/01/2020 14:23:11.554	P,29,982 123531951893,0,0,0,0,0,0
28/01/2020 14:23:18.839	P,30,982 000189575581,0,0,0,0,0,0
28/01/2020 14:23:26.173	P,31,982 123732446222,0,0,0,0,0,0
28/01/2020 14:23:33.498	P,32,982 123550753001,0,0,0,0,0,0
28/01/2020 14:23:40.747	P,33,982 091001181009,0,0,0,0,0,0
28/01/2020 14:23:47.946	P,34,982 000189576571,0,0,0,0,0,0
28/01/2020 14:23:55.167	P,35,982 123485225852,0,0,0,0,0,0
28/01/2020 14:24:02.382	P,36,982 123475146651,0,0,0,0,0,0
28/01/2020 14:24:09.667	P,37,982 123478537396,0,0,0,0,0,0
28/01/2020 14:24:17.025	P,38,982 123518698474,0,0,0,0,0,0
28/01/2020 14:24:24.293	P,39,982 123732446244,0,0,0,0,0,0
28/01/2020 14:24:31.521	P,40,982 091004778508,0,0,0,0,0,0
28/01/2020 14:24:38.856	P,41,982 123476954867,0,0,0,0,0,0
28/01/2020 14:24:46.071	P,42,982 123512779010,0,0,0,0,0,0
28/01/2020 14:24:53.366	P,43,982 123520571417,0,0,0,0,0,0
28/01/2020 14:25:00.746	P,44,982 123476954874,0,0,0,0,0,0
28/01/2020 14:25:08.092	P,45,982 123520571490,0,0,0,0,0,0
28/01/2020 14:25:15.335	P,46,982 091001193932,0,0,0,0,0,0
28/01/2020 14:25:22.592	P,47,982 123546552925,0,0,0,0,0,0
28/01/2020 14:25:29.988	P,48,982 123550752988,0,0,0,0,0,0
28/01/2020 14:25:37.221	P,49,982 123512779042,0,0,0,0,0,0
28/01/2020 14:25:44.516	P,50,982 123476954902,0,0,0,0,0,0
28/01/2020 14:25:51.695	P,51,982 123476954808,0,0,0,0,0,0
28/01/2020 14:25:59.150	P,52,982 123485232547,0,0,0,0,0,0
28/01/2020 14:26:05.889	P,53,982 123476954820,0,0,0,0,0,0
28/01/2020 14:26:13.631	P,54,982 123475146639,0,0,0,0,0,0
28/01/2020 14:26:20.911	P,1,982 123520571348,0,0,0,0,0,0
28/01/2020 14:26:28.207	P,2,982 123732446224,0,0,0,0,0,0
28/01/2020 14:26:35.544	P,3,982 091001181024,0,0,0,0,0,0
28/01/2020 14:26:42.852	P,4,982 091012647186,0,0,0,0,0,0
28/01/2020 14:26:50.124	P,5,982 091001194026,0,0,0,0,0,0
28/01/2020 14:26:57.294	P,6,982 123726496179,0,0,0,0,0,0
28/01/2020 14:27:04.634	P,7,982 123714829341,0,0,0,0,0,0
28/01/2020 14:27:11.931	P,8,982 123531951990,0,0,0,0,0,0
28/01/2020 14:27:19.267	P,9,982 123732446235,0,0,0,0,0,0
28/01/2020 14:27:26.618	P,10,982 091013255393,0,0,0,0,0,0
28/01/2020 14:27:33.894	P,11,982 123475146643,0,0,0,0,0,0
28/01/2020 14:27:41.317	P,12,982 091005857205,0,0,0,0,0,0
28/01/2020 14:27:48.581	P,13,982 123530689068,0,0,0,0,0,0
28/01/2020 14:27:55.769	P,14,982 123464414456,0,0,0,0,0,0
28/01/2020 14:28:03.055	P,15,982 123475146851,0,0,0,0,0,0
28/01/2020 14:28:10.386	P,16,982 123732446236,0,0,0,0,0,0
28/01/2020 14:28:17.656	P,17,982 123520571317,0,0,0,0,0,0
28/01/2020 14:28:24.873	P,18,982 091004778693,0,0,0,0,0,0
28/01/2020 14:28:32.173	P,19,982 091000199389,0,0,0,0,0,0
28/01/2020 14:28:39.561	P,20,982 123478534751,0,0,0,0,0,0
28/01/2020 14:28:46.881	P,21,982 123464414576,0,0,0,0,0,0
28/01/2020 14:28:54.166	P,22,982 123464414061,0,0,0,0,0,0
28/01/2020 14:29:01.392	P,23,982 123518698438,0,0,0,0,0,0
28/01/2020 14:29:08.717	P,24,982 091001181201,0,0,0,0,0,0
28/01/2020 14:29:16.010	P,25,982 123456838359,0,0,0,0,0,0
28/01/2020 14:29:23.395	P,26,982 123475146610,0,0,0,0,0,0
28/01/2020 14:29:30.827	P,27,982 091001181317,0,0,0,0,0,0
28/01/2020 14:29:37.995	P,28,982 123475146551,0,0,0,0,0,0
28/01/2020 14:29:45.294	P,29,982 123530689050,0,0,0,0,0,0
28/01/2020 14:29:52.579	P,30,982 091014657430,0,0,0,0,0,0
28/01/2020 14:29:59.899	P,31,982 123475146649,0,0,0,0,0,0
28/01/2020 14:30:07.234	P,32,982 123478535026,0,0,0,0,0,0
28/01/2020 14:30:14.490	P,33,982 123714829354,0,0,0,0,0,0
28/01/2020 14:30:21.723	P,34,982 091004778752,0,0,0,0,0,0
28/01/2020 14:30:28.918	P,35,982 123518698445,0,0,0,0,0,0
28/01/2020 14:30:36.178	P,36,982 123464414195,0,0,0,0,0,0
28/01/2020 14:30:43.471	P,37,982 123520571428,0,0,0,0,0,0
28/01/2020 14:30:50.809	P,38,982 123482078674,0,0,0,0,0,0
28/01/2020 14:30:58.165	P,39,982 123475146555,0,0,0,0,0,0
28/01/2020 14:31:05.386	P,40,982 123732446234,0,0,0,0,0,0
28/01/2020 14:31:12.750	P,41,982 123476954882,0,0,0,0,0,0
28/01/2020 14:31:19.959	P,42,982 123518698401,0,0,0,0,0,0
28/01/2020 14:31:27.297	P,43,982 123714829375,0,0,0,0,0,0
28/01/2020 14:31:34.664	P,44,982 123550752973,0,0,0,0,0,0
28/01/2020 14:31:42.063	P,45,982 123520571386,0,0,0,0,0,0
28/01/2020 14:31:49.289	P,46,982 123520571533,0,0,0,0,0,0
28/01/2020 14:31:56.590	P,47,982 000189576554,0,0,0,0,0,0
28/01/2020 14:32:04.009	P,48,982 000189575800,0,0,0,0,0,0
28/01/2020 14:32:11.270	P,49,982 123531951959,0,0,0,0,0,0
28/01/2020 14:32:18.556	P,50,982 123478534811,0,0,0,0,0,0
28/01/2020 14:32:25.799	P,51,982 123520571552,0,0,0,0,0,0
28/01/2020 14:32:33.279	P,52,982 123531952009,0,0,0,0,0,0
28/01/2020 14:32:40.010	P,53,982 123531951935,0,0,0,0,0,0
28/01/2020 14:32:47.826	P,54,982 123475146639,0,0,0,0,0,0
28/01/2020 14:32:55.138	P,1,982 123531951880,0,0,0,0,0,0
28/01/2020 14:33:02.423	P,2,982 123475146612,0,0,0,0,0,0
28/01/2020 14:33:09.773	P,3,982 123478534984,0,0,0,0,0,0
28/01/2020 14:33:17.145	P,4,982 000189575733,0,0,0,0,0,0
28/01/2020 14:33:24.421	P,5,982 123714829340,0,0,0,0,0,0
28/01/2020 14:33:31.646	P,6,982 123531952019,0,0,0,0,0,0
28/01/2020 14:33:38.986	P,7,982 123520571368,0,0,0,0,0,0
28/01/2020 14:33:46.327	P,8,982 123520571357,0,0,0,0,0,0
28/01/2020 14:33:53.634	P,9,982 123531951929,0,0,0,0,0,0
28/01/2020 14:34:01.230	P,10,982 123520571336,0,0,0,0,0,0
28/01/2020 14:34:16.908	P,11,982 123475146718,0,0,0,0,0,0
28/01/2020 14:34:24.368	P,12,982 123732446238,0,0,0,0,0,0
28/01/2020 14:34:31.629	P,13,982 123732446216,0,0,0,0,0,0
28/01/2020 14:34:38.821	P,14,982 123475146741,0,0,0,0,0,0
28/01/2020 14:34:46.139	P,15,982 123526230245,0,0,0,0,0,0
28/01/2020 14:34:53.444	P,16,982 123518698442,0,0,0,0,0,0
28/01/2020 14:35:00.719	P,17,982 123478534723,0,0,0,0,0,0
28/01/2020 14:35:07.953	P,18,982 123475146553,0,0,0,0,0,0
28/01/2020 14:35:15.235	P,19,982 123476954804,0,0,0,0,0,0
28/01/2020 14:35:22.627	P,20,982 123475146660,0,0,0,0,0,0
28/01/2020 14:35:29.932	P,21,982 123520571345,0,0,0,0,0,0
28/01/2020 14:35:37.239	P,22,982 123475146793,0,0,0,0,0,0
28/01/2020 14:35:44.411	P,23,982 123478544257,0,0,0,0,0,0
28/01/2020 14:35:51.739	P,24,982 123531952045,0,0,0,0,0,0
28/01/2020 14:35:59.025	P,25,982 123478534859,0,0,0,0,0,0
28/01/2020 14:36:06.387	P,26,982 123520571466,0,0,0,0,0,0
28/01/2020 14:36:13.782	P,27,982 123478227978,0,0,0,0,0,0
28/01/2020 14:36:20.973	P,28,982 123520571472,0,0,0,0,0,0
28/01/2020 14:36:28.337	P,29,982 123531952042,0,0,0,0,0,0
28/01/2020 14:36:35.558	P,30,982 123478537355,0,0,0,0,0,0
28/01/2020 14:36:42.874	P,31,982 123531951991,0,0,0,0,0,0
28/01/2020 14:36:50.173	P,32,982 123531951915,0,0,0,0,0,0
28/01/2020 14:36:57.412	P,33,982 000189576175,0,0,0,0,0,0
28/01/2020 14:37:04.579	P,34,982 123464414438,0,0,0,0,0,0
28/01/2020 14:37:11.808	P,35,982 123520571404,0,0,0,0,0,0
28/01/2020 14:37:19.042	P,36,982 091014560550,0,0,0,0,0,0
28/01/2020 14:37:26.296	P,37,982 000161226709,0,0,0,0,0,0
28/01/2020 14:37:33.647	P,38,982 123464414051,0,0,0,0,0,0
28/01/2020 14:37:40.891	P,39,982 123530689071,0,0,0,0,0,0
28/01/2020 14:37:48.149	P,40,982 123714829334,0,0,0,0,0,0
28/01/2020 14:37:55.464	P,41,982 091012769646,0,0,0,0,0,0
28/01/2020 14:38:02.632	P,42,982 123714829368,0,0,0,0,0,0
28/01/2020 14:38:09.960	P,43,982 091001194178,0,0,0,0,0,0
28/01/2020 14:38:17.322	P,44,982 123520571395,0,0,0,0,0,0
28/01/2020 14:38:24.618	P,45,982 123462291512,0,0,0,0,0,0
28/01/2020 14:38:31.911	P,46,982 123464414028,0,0,0,0,0,0
28/01/2020 14:38:39.171	P,47,982 123530689081,0,0,0,0,0,0
28/01/2020 14:38:46.567	P,48,982 123732446213,0,0,0,0,0,0
28/01/2020 14:38:53.780	P,49,982 123520571379,0,0,0,0,0,0
28/01/2020 14:39:01.028	P,50,982 123464414199,0,0,0,0,0,0
28/01/2020 14:39:08.225	P,51,982 091001194147,0,0,0,0,0,0
28/01/2020 14:39:15.684	P,52,982 123512779037,0,0,0,0,0,0
28/01/2020 14:39:22.391	P,53,982 123475146650,0,0,0,0,0,0
28/01/2020 14:39:30.156	P,54,982 123518698447,0,0,0,0,0,0
28/01/2020 14:39:37.442	P,1,982 123732446231,0,0,0,0,0,0
28/01/2020 14:39:44.727	P,2,982 123531951873,0,0,0,0,0,0
28/01/2020 14:39:52.031	P,3,982 123520571424,0,0,0,0,0,0
28/01/2020 14:39:59.382	P,4,982 091012639209,0,0,0,0,0,0
28/01/2020 14:40:06.589	P,5,982 123475146671,0,0,0,0,0,0
28/01/2020 14:40:13.762	P,6,982 123533468194,0,0,0,0,0,0
28/01/2020 14:40:21.070	P,7,982 123526230272,0,0,0,0,0,0
28/01/2020 14:40:28.396	P,8,982 091004778298,0,0,0,0,0,0
28/01/2020 14:40:35.678	P,9,982 123518698390,0,0,0,0,0,0
28/01/2020 14:40:43.005	P,10,982 123478228407,0,0,0,0,0,0
28/01/2020 14:40:50.296	P,11,982 123475146556,0,0,0,0,0,0
28/01/2020 14:40:57.732	P,12,982 123475146818,0,0,0,0,0,0
28/01/2020 14:41:05.068	P,13,982 123531951874,0,0,0,0,0,0
28/01/2020 14:41:12.180	P,14,982 123475146903,0,0,0,0,0,0
28/01/2020 14:41:19.458	P,15,982 123478534736,0,0,0,0,0,0
28/01/2020 14:41:26.744	P,16,982 123531951938,0,0,0,0,0,0
28/01/2020 14:41:34.036	P,17,982 123518698364,0,0,0,0,0,0
28/01/2020 14:41:41.232	P,18,982 123478534792,0,0,0,0,0,0
28/01/2020 14:41:48.471	P,19,982 123530689063,0,0,0,0,0,0
28/01/2020 14:41:55.867	P,20,982 123475146558,0,0,0,0,0,0
28/01/2020 14:42:03.190	P,21,982 123475146862,0,0,0,0,0,0
28/01/2020 14:42:10.484	P,22,982 123531952025,0,0,0,0,0,0
28/01/2020 14:42:25.321	P,23,982 123478534808,0,0,0,0,0,0
28/01/2020 14:42:32.673	P,24,982 123520571399,0,0,0,0,0,0
28/01/2020 14:42:40.002	P,25,982 123550752978,0,0,0,0,0,0
28/01/2020 14:42:47.400	P,26,982 000189576435,0,0,0,0,0,0
28/01/2020 14:42:54.802	P,27,982 000189575912,0,0,0,0,0,0
28/01/2020 14:43:01.976	P,28,982 091001194022,0,0,0,0,0,0
28/01/2020 14:43:09.243	P,29,982 091002159512,0,0,0,0,0,0
28/01/2020 14:43:16.534	P,30,982 123531952056,0,0,0,0,0,0
28/01/2020 14:43:23.886	P,31,982 123478534710,0,0,0,0,0,0
28/01/2020 14:43:31.172	P,32,982 123530689073,0,0,0,0,0,0
28/01/2020 14:43:38.418	P,33,982 091004511838,0,0,0,0,0,0
28/01/2020 14:43:45.632	P,34,982 123512779024,0,0,0,0,0,0
28/01/2020 14:43:52.869	P,35,982 123520571322,0,0,0,0,0,0
28/01/2020 14:44:00.075	P,36,982 000183261329,0,0,0,0,0,0
28/01/2020 14:44:07.337	P,37,982 000161226709,0,0,0,0,0,0
28/01/2020 14:44:14.683	P,38,982 123546552935,0,0,0,0,0,0
28/01/2020 14:44:22.020	P,39,982 091012769807,0,0,0,0,0,0
28/01/2020 14:44:29.270	P,40,982 123510021211,0,0,0,0,0,0
28/01/2020 14:44:36.607	P,41,982 123518698405,0,0,0,0,0,0
28/01/2020 14:44:43.752	P,42,982 123520571343,0,0,0,0,0,0
28/01/2020 14:44:51.117	P,43,982 123520571465,0,0,0,0,0,0
28/01/2020 14:44:58.459	P,44,982 123520571367,0,0,0,0,0,0
28/01/2020 14:45:05.833	P,45,982 123475146698,0,0,0,0,0,0
28/01/2020 14:45:13.032	P,46,982 123531951947,0,0,0,0,0,0
28/01/2020 14:45:20.318	P,47,982 123485232960,0,0,0,0,0,0
28/01/2020 14:45:27.710	P,48,982 123520571346,0,0,0,0,0,0
28/01/2020 14:45:34.925	P,49,982 091012769692,0,0,0,0,0,0
28/01/2020 14:45:42.184	P,50,982 123478534849,0,0,0,0,0,0
28/01/2020 14:45:49.396	P,51,982 123531952041,0,0,0,0,0,0
28/01/2020 14:45:56.868	P,52,982 123518698367,0,0,0,0,0,0
28/01/2020 14:46:03.582	P,53,982 123531952012,0,0,0,0,0,0
28/01/2020 14:46:11.348	P,54,982 123531952038,0,0,0,0,0,0
28/01/2020 14:46:18.627	P,1,982 123464414299,0,0,0,0,0,0
28/01/2020 14:46:25.892	P,2,982 123476954815,0,0,0,0,0,0
28/01/2020 14:46:33.227	P,3,982 123526230243,0,0,0,0,0,0
28/01/2020 14:46:40.589	P,4,982 123475146675,0,0,0,0,0,0
28/01/2020 14:46:47.806	P,5,982 123478841688,0,0,0,0,0,0
28/01/2020 14:46:55.005	P,6,982 123531952033,0,0,0,0,0,0
28/01/2020 14:47:02.311	P,7,982 091004778533,0,0,0,0,0,0
28/01/2020 14:47:09.645	P,8,982 123714829365,0,0,0,0,0,0
28/01/2020 14:47:16.924	P,9,982 123475146568,0,0,0,0,0,0
28/01/2020 14:47:24.277	P,10,982 123478228407,0,0,0,0,0,0
28/01/2020 14:47:31.544	P,11,982 123520571412,0,0,0,0,0,0
28/01/2020 14:47:38.981	P,12,982 123714829333,0,0,0,0,0,0
28/01/2020 14:47:46.302	P,13,982 123531951941,0,0,0,0,0,0
28/01/2020 14:48:14.689	P,14,982 123478544789,0,0,0,0,0,0
28/01/2020 14:48:21.977	P,15,982 091012647387,0,0,0,0,0,0
28/01/2020 14:48:29.267	P,16,982 123476954859,0,0,0,0,0,0
28/01/2020 14:51:40.340	P,17,982 123533468190,0,0,0,0,0,0
28/01/2020 14:51:47.606	P,18,982 123739375388,0,0,0,0,0,0
28/01/2020 14:51:54.860	P,19,982 123530689047,0,0,0,0,0,0
28/01/2020 14:52:02.196	P,20,982 091012769725,0,0,0,0,0,0
28/01/2020 14:52:09.563	P,21,982 123521771562,0,0,0,0,0,0
28/01/2020 14:52:16.809	P,22,982 123524486676,0,0,0,0,0,0
28/01/2020 14:52:24.043	P,23,982 123518698409,0,0,0,0,0,0
28/01/2020 14:52:31.305	P,24,982 123714829327,0,0,0,0,0,0
28/01/2020 14:52:38.660	P,25,982 123475146672,0,0,0,0,0,0
28/01/2020 14:52:45.975	P,26,982 091014657498,0,0,0,0,0,0
28/01/2020 14:52:53.402	P,27,982 000183261614,0,0,0,0,0,0
28/01/2020 14:53:00.564	P,28,982 123464414106,0,0,0,0,0,0
28/01/2020 14:53:07.869	P,29,982 000161226043,0,0,0,0,0,0
28/01/2020 14:53:15.194	P,30,982 123521771578,0,0,0,0,0,0
28/01/2020 14:53:22.478	P,31,982 123475146748,0,0,0,0,0,0
28/01/2020 14:53:29.784	P,32,982 123520571360,0,0,0,0,0,0
28/01/2020 14:53:37.032	P,33,982 123520571431,0,0,0,0,0,0
28/01/2020 14:53:44.260	P,34,982 123518698388,0,0,0,0,0,0
28/01/2020 14:53:51.471	P,35,982 123732446230,0,0,0,0,0,0
28/01/2020 14:53:58.701	P,36,982 123520571492,0,0,0,0,0,0
28/01/2020 14:54:05.937	P,37,982 123714829343,0,0,0,0,0,0
28/01/2020 14:54:13.294	P,38,982 091014560664,0,0,0,0,0,0
28/01/2020 14:54:20.630	P,39,982 123482078305,0,0,0,0,0,0
28/01/2020 14:54:27.852	P,40,982 123714829360,0,0,0,0,0,0
28/01/2020 14:54:35.210	P,41,982 123714829335,0,0,0,0,0,0
28/01/2020 14:54:42.360	P,42,982 123714829357,0,0,0,0,0,0
28/01/2020 14:54:49.699	P,43,982 091004778456,0,0,0,0,0,0
28/01/2020 14:54:57.104	P,44,982 123531951910,0,0,0,0,0,0
28/01/2020 14:55:04.424	P,45,982 123475146701,0,0,0,0,0,0
28/01/2020 14:55:11.640	P,46,982 000161226059,0,0,0,0,0,0
28/01/2020 14:55:18.970	P,47,982 123478534805,0,0,0,0,0,0
28/01/2020 14:55:26.348	P,48,982 123739375381,0,0,0,0,0,0
28/01/2020 14:55:33.631	P,49,982 123478534843,0,0,0,0,0,0
28/01/2020 14:55:40.880	P,50,982 123546552942,0,0,0,0,0,0
28/01/2020 14:55:48.133	P,51,982 091012769836,0,0,0,0,0,0
28/01/2020 14:55:55.603	P,52,982 123520571435,0,0,0,0,0,0
28/01/2020 14:56:02.336	P,53,982 123475146588,0,0,0,0,0,0
28/01/2020 14:56:10.111	P,54,982 091001194085,0,0,0,0,0,0
28/01/2020 14:56:17.378	P,1,982 123485225932,0,0,0,0,0,0
28/01/2020 14:56:24.679	P,2,982 123530689080,0,0,0,0,0,0
28/01/2020 14:56:32.011	P,3,982 123714829358,0,0,0,0,0,0
28/01/2020 14:56:39.338	P,4,982 091004778531,0,0,0,0,0,0
28/01/2020 14:56:46.613	P,5,982 123732446260,0,0,0,0,0,0
28/01/2020 14:56:53.763	P,6,982 123714829332,0,0,0,0,0,0
28/01/2020 14:57:01.103	P,7,982 123475146823,0,0,0,0,0,0
28/01/2020 14:57:08.411	P,8,982 123475146573,0,0,0,0,0,0
28/01/2020 14:57:15.746	P,9,982 123520571432,0,0,0,0,0,0
28/01/2020 14:57:23.112	P,10,982 123478534892,0,0,0,0,0,0
28/01/2020 14:57:30.417	P,11,982 091004778421,0,0,0,0,0,0
28/01/2020 14:57:37.800	P,12,982 123478544461,0,0,0,0,0,0
28/01/2020 14:57:45.095	P,13,982 091014560501,0,0,0,0,0,0
28/01/2020 14:57:52.256	P,14,982 123714829359,0,0,0,0,0,0
28/01/2020 14:57:59.582	P,15,982 123520571338,0,0,0,0,0,0
28/01/2020 14:58:06.887	P,16,982 091001194046,0,0,0,0,0,0
28/01/2020 14:58:14.205	P,17,982 123520571352,0,0,0,0,0,0
28/01/2020 14:58:21.403	P,18,982 123550752982,0,0,0,0,0,0
28/01/2020 14:58:28.690	P,19,982 091001181112,0,0,0,0,0,0
28/01/2020 14:58:36.047	P,20,982 123533468200,0,0,0,0,0,0
28/01/2020 14:58:43.403	P,21,982 123531951975,0,0,0,0,0,0
28/01/2020 14:58:50.684	P,22,982 000189576284,0,0,0,0,0,0
28/01/2020 14:58:57.930	P,23,982 123510021212,0,0,0,0,0,0
28/01/2020 14:59:05.195	P,24,982 123476954863,0,0,0,0,0,0
28/01/2020 14:59:12.504	P,25,982 123475146614,0,0,0,0,0,0
28/01/2020 14:59:19.875	P,26,982 123476954884,0,0,0,0,0,0
28/01/2020 14:59:27.289	P,27,982 123485232738,0,0,0,0,0,0
28/01/2020 14:59:34.466	P,28,982 123714829345,0,0,0,0,0,0
28/01/2020 14:59:41.740	P,29,982 000161226043,0,0,0,0,0,0
28/01/2020 14:59:49.030	P,30,982 123726496173,0,0,0,0,0,0
28/01/2020 14:59:56.335	P,31,982 123478534937,0,0,0,0,0,0
28/01/2020 15:00:03.688	P,32,982 123478534747,0,0,0,0,0,0
28/01/2020 15:00:10.952	P,33,982 123520571474,0,0,0,0,0,0
28/01/2020 15:00:18.131	P,34,982 123531952037,0,0,0,0,0,0
28/01/2020 15:00:25.334	P,35,982 123518698337,0,0,0,0,0,0
28/01/2020 15:00:32.532	P,36,982 091012162172,0,0,0,0,0,0
28/01/2020 15:00:39.823	P,37,982 091012769640,0,0,0,0,0,0
28/01/2020 15:00:47.153	P,38,982 123550752971,0,0,0,0,0,0
28/01/2020 15:00:54.439	P,39,982 123476954803,0,0,0,0,0,0
28/01/2020 15:01:01.680	P,40,982 123518698429,0,0,0,0,0,0
28/01/2020 15:01:09.003	P,41,982 123521306030,0,0,0,0,0,0
28/01/2020 15:01:16.236	P,42,982 123518698378,0,0,0,0,0,0
28/01/2020 15:01:23.549	P,43,982 123531952013,0,0,0,0,0,0
28/01/2020 15:01:30.905	P,44,982 123464414037,0,0,0,0,0,0
28/01/2020 15:01:38.196	P,45,982 123478534702,0,0,0,0,0,0
28/01/2020 15:01:45.448	P,46,982 123520571461,0,0,0,0,0,0
28/01/2020 15:01:52.795	P,47,982 123518698460,0,0,0,0,0,0
28/01/2020 15:02:00.126	P,48,982 123739089742,0,0,0,0,0,0
28/01/2020 15:02:07.364	P,49,982 091014657546,0,0,0,0,0,0
28/01/2020 15:02:14.654	P,50,982 123520571434,0,0,0,0,0,0
28/01/2020 15:02:21.869	P,51,982 123518698451,0,0,0,0,0,0
28/01/2020 15:02:29.302	P,52,982 123726496158,0,0,0,0,0,0
28/01/2020 15:02:36.039	P,53,982 123520571361,0,0,0,0,0,0
28/01/2020 15:02:43.797	P,54,982 123478534860,0,0,0,0,0,0
28/01/2020 15:02:51.113	P,1,982 123464414132,0,0,0,0,0,0
28/01/2020 15:02:58.351	P,2,982 091000609855,0,0,0,0,0,0
28/01/2020 15:03:05.667	P,3,982 123478535029,0,0,0,0,0,0
28/01/2020 15:03:13.004	P,4,982 123476954864,0,0,0,0,0,0
28/01/2020 15:03:20.268	P,5,982 123531952052,0,0,0,0,0,0
28/01/2020 15:03:27.426	P,6,982 123480992410,0,0,0,0,0,0
28/01/2020 15:03:34.791	P,7,982 123520571449,0,0,0,0,0,0
28/01/2020 15:03:42.061	P,8,982 123475146559,0,0,0,0,0,0
28/01/2020 15:03:49.390	P,9,982 123475146764,0,0,0,0,0,0
28/01/2020 15:03:56.744	P,10,982 123520571332,0,0,0,0,0,0
28/01/2020 15:04:04.026	P,11,982 091004778489,0,0,0,0,0,0
28/01/2020 15:04:11.470	P,12,982 123531952017,0,0,0,0,0,0
28/01/2020 15:04:18.696	P,13,982 123526230238,0,0,0,0,0,0
28/01/2020 15:04:25.905	P,14,982 123520571329,0,0,0,0,0,0
28/01/2020 15:04:33.230	P,15,982 091001194123,0,0,0,0,0,0
28/01/2020 15:04:40.501	P,16,982 123520571526,0,0,0,0,0,0
28/01/2020 15:04:47.744	P,17,982 123475146690,0,0,0,0,0,0
28/01/2020 15:04:55.018	P,18,982 123475146600,0,0,0,0,0,0
28/01/2020 15:05:02.258	P,19,982 123531951977,0,0,0,0,0,0
28/01/2020 15:05:09.578	P,20,982 123531951921,0,0,0,0,0,0
28/01/2020 15:05:16.925	U,21,,0,0,0,0,0,0
28/01/2020 15:05:24.193	P,22,982 123475146653,0,0,0,0,0,0
28/01/2020 15:05:31.411	P,23,982 123512779023,0,0,0,0,0,0
28/01/2020 15:05:38.673	P,24,982 123476954845,0,0,0,0,0,0
28/01/2020 15:05:45.997	P,25,982 123531951888,0,0,0,0,0,0
28/01/2020 15:05:53.363	P,26,982 123520571378,0,0,0,0,0,0
28/01/2020 15:06:00.758	P,27,982 123531951980,0,0,0,0,0,0
28/01/2020 15:06:07.945	P,28,982 123531951885,0,0,0,0,0,0
28/01/2020 15:06:15.274	P,29,982 091001194012,0,0,0,0,0,0
28/01/2020 15:06:22.551	P,30,982 123531951877,0,0,0,0,0,0
28/01/2020 15:06:29.880	P,31,982 123475146890,0,0,0,0,0,0
28/01/2020 15:06:37.149	P,32,982 123476954846,0,0,0,0,0,0
28/01/2020 15:06:44.430	P,33,982 123531951957,0,0,0,0,0,0
28/01/2020 15:06:51.581	P,34,982 123520571405,0,0,0,0,0,0
28/01/2020 15:06:58.823	P,35,982 123475146894,0,0,0,0,0,0
28/01/2020 15:07:06.017	P,36,982 123520571409,0,0,0,0,0,0
28/01/2020 15:07:13.308	P,37,982 123478543661,0,0,0,0,0,0
28/01/2020 15:07:20.637	P,38,982 123550752996,0,0,0,0,0,0
28/01/2020 15:07:27.924	P,39,982 123478534806,0,0,0,0,0,0
28/01/2020 15:07:35.158	P,40,982 123531951971,0,0,0,0,0,0
28/01/2020 15:08:11.296	P,41,982 123526230232,0,0,0,0,0,0
28/01/2020 15:08:18.475	P,42,982 000189576048,0,0,0,0,0,0
28/01/2020 15:08:25.780	P,43,982 123456839022,0,0,0,0,0,0
28/01/2020 15:08:33.183	P,44,982 123531951952,0,0,0,0,0,0
28/01/2020 15:08:40.516	P,45,982 091001180998,0,0,0,0,0,0
28/01/2020 15:08:47.727	P,46,982 123531951914,0,0,0,0,0,0
28/01/2020 15:08:55.010	P,47,982 123478535010,0,0,0,0,0,0
28/01/2020 15:09:02.333	P,48,982 123512779006,0,0,0,0,0,0
28/01/2020 15:09:09.607	P,49,982 123520571370,0,0,0,0,0,0
28/01/2020 15:09:16.859	P,50,982 123714829330,0,0,0,0,0,0
28/01/2020 15:09:24.082	P,51,982 091004778397,0,0,0,0,0,0
28/01/2020 15:09:31.501	P,52,982 091001194146,0,0,0,0,0,0
28/01/2020 15:09:38.254	P,53,982 123531951963,0,0,0,0,0,0
28/01/2020 15:09:46.000	P,54,982 123550752980,0,0,0,0,0,0
28/01/2020 15:09:53.308	P,1,982 123521771566,0,0,0,0,0,0
28/01/2020 15:10:00.574	P,2,982 123732446223,0,0,0,0,0,0
28/01/2020 15:10:07.900	P,3,982 000164775378,0,0,0,0,0,0
28/01/2020 15:10:15.246	P,4,982 091000609769,0,0,0,0,0,0
28/01/2020 15:10:22.472	P,5,982 123475146808,0,0,0,0,0,0
28/01/2020 15:10:29.707	P,6,982 123533468191,0,0,0,0,0,0
28/01/2020 15:10:37.022	P,7,982 123520571373,0,0,0,0,0,0
28/01/2020 15:10:44.381	P,8,982 123550753007,0,0,0,0,0,0
28/01/2020 15:10:51.659	P,9,982 123478535074,0,0,0,0,0,0
28/01/2020 15:10:59.043	P,10,982 123475146725,0,0,0,0,0,0
28/01/2020 15:11:38.132	P,11,982 123726496144,0,0,0,0,0,0
28/01/2020 15:11:45.562	P,12,982 123478535043,0,0,0,0,0,0
28/01/2020 15:11:52.838	P,13,982 091000609621,0,0,0,0,0,0
28/01/2020 15:12:00.061	P,14,982 123531951900,0,0,0,0,0,0
28/01/2020 15:12:07.337	P,15,982 123520571476,0,0,0,0,0,0
28/01/2020 15:12:14.648	P,16,982 123531951917,0,0,0,0,0,0
28/01/2020 15:12:21.947	P,17,982 123531951890,0,0,0,0,0,0
28/01/2020 15:12:29.179	P,18,982 091001181371,0,0,0,0,0,0
28/01/2020 15:12:36.418	P,19,982 123478534883,0,0,0,0,0,0
28/01/2020 15:12:43.774	P,20,982 123475146574,0,0,0,0,0,0
28/01/2020 15:12:51.127	P,21,982 091000609658,0,0,0,0,0,0
28/01/2020 15:12:58.393	P,22,982 123530689059,0,0,0,0,0,0
28/01/2020 15:13:05.631	P,23,982 123714829372,0,0,0,0,0,0
28/01/2020 15:13:12.906	P,24,982 123533468203,0,0,0,0,0,0
28/01/2020 15:13:20.213	P,25,982 123531951923,0,0,0,0,0,0
28/01/2020 15:13:27.560	P,26,982 123531952010,0,0,0,0,0,0
28/01/2020 15:13:34.955	P,27,982 123726496160,0,0,0,0,0,0
28/01/2020 15:13:42.173	P,28,982 123476954834,0,0,0,0,0,0
28/01/2020 15:13:49.428	P,29,982 123520571456,0,0,0,0,0,0
28/01/2020 15:13:56.745	P,30,982 123456841804,0,0,0,0,0,0
28/01/2020 15:14:04.086	P,31,982 123530689069,0,0,0,0,0,0
28/01/2020 15:14:11.362	P,32,982 123531951864,0,0,0,0,0,0
28/01/2020 15:14:18.616	P,33,982 123531952015,0,0,0,0,0,0
28/01/2020 15:14:25.804	P,34,982 123739375389,0,0,0,0,0,0
28/01/2020 15:14:33.038	P,35,982 123518698348,0,0,0,0,0,0
28/01/2020 15:14:40.263	P,36,982 123732446245,0,0,0,0,0,0
28/01/2020 15:14:47.525	P,37,982 123520571554,0,0,0,0,0,0
28/01/2020 15:15:18.410	P,38,982 123531952021,0,0,0,0,0,0
28/01/2020 15:15:25.684	P,39,982 123732446255,0,0,0,0,0,0
28/01/2020 15:15:32.926	P,40,982 123520571351,0,0,0,0,0,0
28/01/2020 15:15:40.257	P,41,982 123732446250,0,0,0,0,0,0
28/01/2020 15:15:47.437	P,42,982 123550752983,0,0,0,0,0,0
28/01/2020 15:15:54.777	P,43,982 123732446229,0,0,0,0,0,0
28/01/2020 15:16:02.116	P,44,982 091004778268,0,0,0,0,0,0
28/01/2020 15:16:09.461	P,45,982 123524486638,0,0,0,0,0,0
28/01/2020 15:16:16.713	P,46,982 123464414093,0,0,0,0,0,0
28/01/2020 15:16:23.953	P,47,982 123531951908,0,0,0,0,0,0
28/01/2020 15:16:31.344	P,48,982 123520571440,0,0,0,0,0,0
28/01/2020 15:16:38.565	P,49,982 123520571325,0,0,0,0,0,0
28/01/2020 15:16:45.842	P,50,982 123520571557,0,0,0,0,0,0
28/01/2020 15:16:53.066	P,51,982 123475146585,0,0,0,0,0,0
28/01/2020 15:17:00.520	P,52,982 091000199467,0,0,0,0,0,0
28/01/2020 15:17:07.255	P,53,982 123726496180,0,0,0,0,0,0
28/01/2020 15:17:15.039	P,54,982 123521771568,0,0,0,0,0,0
28/01/2020 15:17:22.365	P,1,982 123531951987,0,0,0,0,0,0
28/01/2020 15:17:29.658	P,2,982 091001181204,0,0,0,0,0,0
28/01/2020 15:17:36.987	P,3,982 123520571542,0,0,0,0,0,0
28/01/2020 15:17:44.324	P,4,982 123531951859,0,0,0,0,0,0
28/01/2020 15:17:51.588	P,5,982 091001181034,0,0,0,0,0,0
28/01/2020 15:17:58.790	P,6,982 123732446220,0,0,0,0,0,0
28/01/2020 15:18:06.136	P,7,982 123478534810,0,0,0,0,0,0
28/01/2020 15:18:13.401	P,8,982 123732446211,0,0,0,0,0,0
28/01/2020 15:18:20.690	P,9,982 123520571548,0,0,0,0,0,0
28/01/2020 15:18:28.083	P,10,982 123531952043,0,0,0,0,0,0
28/01/2020 15:18:35.363	P,11,982 123732446232,0,0,0,0,0,0
28/01/2020 15:18:42.773	P,12,982 123531952014,0,0,0,0,0,0
28/01/2020 15:18:50.059	P,13,982 123531951861,0,0,0,0,0,0
28/01/2020 15:18:57.238	P,14,982 123521771572,0,0,0,0,0,0
28/01/2020 15:19:04.508	P,15,982 123478534777,0,0,0,0,0,0
28/01/2020 15:19:11.843	P,16,982 123475146902,0,0,0,0,0,0
28/01/2020 15:19:19.129	P,17,982 123531951962,0,0,0,0,0,0
28/01/2020 15:19:26.341	P,18,982 123531951985,0,0,0,0,0,0
28/01/2020 15:19:33.613	P,19,982 091004778584,0,0,0,0,0,0
28/01/2020 15:19:49.925	P,20,982 091001194193,0,0,0,0,0,0
28/01/2020 15:19:57.246	P,21,982 123550752967,0,0,0,0,0,0
28/01/2020 15:20:04.575	P,22,982 123726496186,0,0,0,0,0,0
28/01/2020 15:20:11.757	P,23,982 123478534785,0,0,0,0,0,0
28/01/2020 15:20:19.042	P,24,982 123478534959,0,0,0,0,0,0
28/01/2020 15:20:26.395	P,25,982 091001181064,0,0,0,0,0,0
28/01/2020 15:20:33.745	P,26,982 123520571566,0,0,0,0,0,0
28/01/2020 15:20:41.118	P,27,982 091000609654,0,0,0,0,0,0
28/01/2020 15:20:48.316	P,28,982 123531951912,0,0,0,0,0,0
28/01/2020 15:20:58.383	P,29,982 123520571525,0,0,0,0,0,0
28/01/2020 15:21:05.660	P,30,982 123530689057,0,0,0,0,0,0
28/01/2020 15:21:13.010	P,31,982 123531951860,0,0,0,0,0,0
28/01/2020 15:21:20.313	P,32,982 123520571333,0,0,0,0,0,0
28/01/2020 15:21:27.546	P,33,982 123531951894,0,0,0,0,0,0
28/01/2020 15:21:34.732	P,34,982 123475146825,0,0,0,0,0,0
28/01/2020 15:21:41.953	P,35,982 123531951870,0,0,0,0,0,0
28/01/2020 15:21:49.202	P,36,982 091001181103,0,0,0,0,0,0
28/01/2020 15:21:56.442	E,37,,0,0,0,0,0,0
28/01/2020 15:22:03.776	P,38,982 123478534715,0,0,0,0,0,0
28/01/2020 15:22:11.059	P,39,982 123531951973,0,0,0,0,0,0
28/01/2020 15:22:18.305	P,40,982 123476954840,0,0,0,0,0,0
28/01/2020 15:22:25.655	P,41,982 123476954900,0,0,0,0,0,0
28/01/2020 15:22:32.821	P,42,982 091012769707,0,0,0,0,0,0
28/01/2020 15:22:40.154	P,43,982 091001194071,0,0,0,0,0,0
28/01/2020 15:22:47.526	P,44,982 123520571383,0,0,0,0,0,0
28/01/2020 15:22:54.860	P,45,982 123464414103,0,0,0,0,0,0
28/01/2020 15:23:02.083	P,46,982 123482078426,0,0,0,0,0,0
28/01/2020 15:23:09.365	P,47,982 123732446258,0,0,0,0,0,0
28/01/2020 15:23:16.767	P,48,982 123520571381,0,0,0,0,0,0
28/01/2020 15:23:23.992	P,49,982 091001181052,0,0,0,0,0,0
28/01/2020 15:23:31.296	P,50,982 123475146608,0,0,0,0,0,0
28/01/2020 15:23:38.476	P,51,982 123732446242,0,0,0,0,0,0
28/01/2020 15:23:45.924	P,52,982 091014657640,0,0,0,0,0,0
28/01/2020 15:23:52.662	P,53,982 123464414095,0,0,0,0,0,0
28/01/2020 15:24:00.425	P,54,982 123520571531,0,0,0,0,0,0
28/01/2020 15:24:07.711	P,1,982 123732446249,0,0,0,0,0,0
28/01/2020 15:24:14.967	P,2,982 123520571541,0,0,0,0,0,0
28/01/2020 15:24:22.304	P,3,982 123732446225,0,0,0,0,0,0
28/01/2020 15:24:29.690	P,4,982 091012647510,0,0,0,0,0,0
28/01/2020 15:24:36.909	P,5,982 123521771585,0,0,0,0,0,0
28/01/2020 15:24:44.067	P,6,982 123464413995,0,0,0,0,0,0
28/01/2020 15:24:51.369	P,7,982 000161223111,0,0,0,0,0,0
28/01/2020 15:24:58.691	P,8,982 123478543795,0,0,0,0,0,0
28/01/2020 15:25:06.017	P,9,982 123520571529,0,0,0,0,0,0
28/01/2020 15:25:13.335	P,10,982 123520571438,0,0,0,0,0,0
28/01/2020 15:25:20.607	P,11,982 123476954892,0,0,0,0,0,0
28/01/2020 15:25:28.055	P,12,982 123475146803,0,0,0,0,0,0
28/01/2020 15:25:35.343	P,13,982 091004778259,0,0,0,0,0,0
28/01/2020 15:25:42.538	P,14,982 123478543632,0,0,0,0,0,0
28/01/2020 15:25:49.821	P,15,982 123520571561,0,0,0,0,0,0
28/01/2020 15:25:57.117	P,16,982 123520571337,0,0,0,0,0,0
28/01/2020 15:26:04.357	P,17,982 123546552941,0,0,0,0,0,0
28/01/2020 15:26:11.580	P,18,982 123478534713,0,0,0,0,0,0
28/01/2020 15:26:18.832	P,19,982 091001194099,0,0,0,0,0,0
28/01/2020 15:26:26.199	P,20,982 123520571540,0,0,0,0,0,0
28/01/2020 15:26:33.501	P,21,982 123732446226,0,0,0,0,0,0
28/01/2020 15:26:40.782	P,22,982 091004778368,0,0,0,0,0,0
28/01/2020 15:26:47.959	P,23,982 123520571344,0,0,0,0,0,0
28/01/2020 15:26:55.265	P,24,982 123732446215,0,0,0,0,0,0
28/01/2020 15:27:02.571	P,25,982 123478534918,0,0,0,0,0,0
28/01/2020 15:27:09.916	P,26,982 123520571475,0,0,0,0,0,0
28/01/2020 15:27:17.304	P,27,982 123520571450,0,0,0,0,0,0
28/01/2020 15:27:24.498	P,28,982 091001181053,0,0,0,0,0,0
28/01/2020 15:27:31.782	P,29,982 123520571564,0,0,0,0,0,0
28/01/2020 15:27:39.125	P,30,982 123512779034,0,0,0,0,0,0
28/01/2020 15:27:46.410	P,31,982 123714829344,0,0,0,0,0,0
28/01/2020 15:27:53.703	P,32,982 123476954895,0,0,0,0,0,0
28/01/2020 15:28:00.980	P,33,982 123475146642,0,0,0,0,0,0
28/01/2020 15:28:08.170	P,34,982 123520571347,0,0,0,0,0,0
28/01/2020 15:28:15.389	P,35,982 123520571516,0,0,0,0,0,0
28/01/2020 15:28:22.615	P,36,982 123732446237,0,0,0,0,0,0
28/01/2020 15:28:29.883	P,37,982 000161226501,0,0,0,0,0,0
28/01/2020 15:28:37.259	P,38,982 123520571508,0,0,0,0,0,0
28/01/2020 15:28:44.543	P,39,982 123520571486,0,0,0,0,0,0
28/01/2020 15:28:51.756	P,40,982 123714829374,0,0,0,0,0,0
28/01/2020 15:28:59.067	P,41,982 123732446228,0,0,0,0,0,0
28/01/2020 15:29:06.270	P,42,982 123520571487,0,0,0,0,0,0
28/01/2020 15:29:13.603	P,43,982 123520571372,0,0,0,0,0,0
28/01/2020 15:29:20.992	P,44,982 123732446233,0,0,0,0,0,0
28/01/2020 15:29:28.327	P,45,982 000189575794,0,0,0,0,0,0
28/01/2020 15:29:35.581	U,46,,0,0,0,0,0,0
28/01/2020 15:29:52.528	P,47,982 123476954827,0,0,0,0,0,0
28/01/2020 15:29:59.863	P,48,982 123714829326,0,0,0,0,0,0
28/01/2020 15:30:07.137	P,49,982 123475146847,0,0,0,0,0,0
28/01/2020 15:30:14.401	P,50,982 091004778438,0,0,0,0,0,0
28/01/2020 15:30:21.632	P,51,982 123550752964,0,0,0,0,0,0
28/01/2020 15:30:29.068	P,52,982 123520571358,0,0,0,0,0,0
28/01/2020 15:30:35.794	P,53,982 123714829347,0,0,0,0,0,0
28/01/2020 15:30:43.536	P,54,982 123520571416,0,0,0,0,0,0
28/01/2020 15:30:50.848	P,1,982 123475146657,0,0,0,0,0,0
28/01/2020 15:30:58.071	P,2,982 123732446214,0,0,0,0,0,0
28/01/2020 15:31:05.431	P,3,982 123462291516,0,0,0,0,0,0
28/01/2020 15:31:12.737	P,4,982 123485225507,0,0,0,0,0,0
28/01/2020 15:31:20.010	P,5,982 123732446248,0,0,0,0,0,0
28/01/2020 15:31:27.163	P,6,982 123531952007,0,0,0,0,0,0
28/01/2020 15:31:34.516	P,7,982 123531951897,0,0,0,0,0,0
28/01/2020 15:31:41.847	P,8,982 091001194094,0,0,0,0,0,0
28/01/2020 15:31:49.145	P,9,982 123476954831,0,0,0,0,0,0
28/01/2020 15:31:56.451	P,10,982 123544234992,0,0,0,0,0,0
28/01/2020 15:32:03.732	P,11,982 123520571433,0,0,0,0,0,0
28/01/2020 15:32:11.176	P,12,982 123533468197,0,0,0,0,0,0
28/01/2020 15:32:18.443	P,13,982 123520571513,0,0,0,0,0,0
28/01/2020 15:32:25.621	P,14,982 123520571497,0,0,0,0,0,0
28/01/2020 15:32:32.878	P,15,982 123520571532,0,0,0,0,0,0
28/01/2020 15:32:40.234	P,16,982 123531952035,0,0,0,0,0,0
28/01/2020 15:32:47.470	P,17,982 123533468192,0,0,0,0,0,0
28/01/2020 15:32:54.699	P,18,982 123550752992,0,0,0,0,0,0
28/01/2020 15:33:01.970	P,19,982 123464414076,0,0,0,0,0,0
28/01/2020 15:33:09.295	P,20,982 091001194034,0,0,0,0,0,0
28/01/2020 15:33:16.622	P,21,982 123732446257,0,0,0,0,0,0
28/01/2020 15:33:23.892	P,22,982 123531952040,0,0,0,0,0,0
28/01/2020 15:33:31.076	P,23,982 123732446217,0,0,0,0,0,0
28/01/2020 15:33:38.387	P,24,982 123464414149,0,0,0,0,0,0
28/01/2020 15:33:45.651	P,25,982 123464414563,0,0,0,0,0,0
28/01/2020 15:33:52.979	P,26,982 123520571411,0,0,0,0,0,0
28/01/2020 15:34:00.413	P,27,982 123478227992,0,0,0,0,0,0
28/01/2020 15:34:07.600	P,28,982 123475146914,0,0,0,0,0,0
28/01/2020 15:34:14.874	P,29,982 123520571515,0,0,0,0,0,0
28/01/2020 15:34:22.157	P,30,982 091004778286,0,0,0,0,0,0
28/01/2020 15:34:29.433	P,31,982 123732446239,0,0,0,0,0,0
28/01/2020 15:34:36.745	P,32,982 123520571427,0,0,0,0,0,0
28/01/2020 15:34:44.009	P,33,982 123520571469,0,0,0,0,0,0
28/01/2020 15:34:51.181	P,34,982 123520571503,0,0,0,0,0,0
28/01/2020 15:34:58.380	P,35,982 123475146615,0,0,0,0,0,0
28/01/2020 15:35:05.603	P,36,982 123533468208,0,0,0,0,0,0
28/01/2020 15:35:12.863	P,37,982 123526230263,0,0,0,0,0,0
28/01/2020 15:35:20.175	P,38,982 123520571508,0,0,0,0,0,0
28/01/2020 15:35:27.474	P,39,982 123520571511,0,0,0,0,0,0
28/01/2020 15:35:34.683	P,40,982 123531952027,0,0,0,0,0,0
28/01/2020 15:35:42.041	P,41,982 000161226030,0,0,0,0,0,0
28/01/2020 15:35:49.221	P,42,982 123524486663,0,0,0,0,0,0
28/01/2020 15:35:56.532	P,43,982 123520571388,0,0,0,0,0,0
28/01/2020 15:36:03.877	P,44,982 123524486647,0,0,0,0,0,0
28/01/2020 15:36:11.227	P,45,982 123531952046,0,0,0,0,0,0
28/01/2020 15:36:18.489	P,46,982 123531951974,0,0,0,0,0,0
28/01/2020 15:36:30.646	P,47,982 123520571502,0,0,0,0,0,0
28/01/2020 15:36:38.037	P,48,982 091000199562,0,0,0,0,0,0
28/01/2020 15:36:45.263	P,49,982 123531951986,0,0,0,0,0,0
28/01/2020 15:36:52.526	P,50,982 123475146810,0,0,0,0,0,0
28/01/2020 15:36:59.708	P,51,982 123464414296,0,0,0,0,0,0
28/01/2020 15:37:07.180	P,52,982 123531951858,0,0,0,0,0,0
28/01/2020 15:37:13.913	P,53,982 091000199571,0,0,0,0,0,0
28/01/2020 15:37:21.680	P,54,982 123533468198,0,0,0,0,0,0
28/01/2020 15:37:28.949	P,1,982 000189575526,0,0,0,0,0,0
28/01/2020 15:37:40.759	P,2,982 123531951905,0,0,0,0,0,0
28/01/2020 15:37:48.770	P,3,982 123520571451,0,0,0,0,0,0
28/01/2020 15:37:56.054	P,4,982 123531951879,0,0,0,0,0,0
28/01/2020 15:38:03.316	P,5,982 123510021216,0,0,0,0,0,0
28/01/2020 15:38:10.507	P,6,982 123530689083,0,0,0,0,0,0
28/01/2020 15:38:17.806	P,7,982 123485232707,0,0,0,0,0,0
28/01/2020 15:38:25.134	P,8,982 123520571555,0,0,0,0,0,0
28/01/2020 15:38:32.393	P,9,982 123520571458,0,0,0,0,0,0
28/01/2020 15:38:39.752	P,10,982 123531951930,0,0,0,0,0,0
28/01/2020 15:38:46.985	P,11,982 000161226782,0,0,0,0,0,0
28/01/2020 15:38:54.440	P,12,982 123520571330,0,0,0,0,0,0
28/01/2020 15:39:01.679	P,13,982 123520571400,0,0,0,0,0,0
28/01/2020 15:39:08.851	P,14,982 123520571488,0,0,0,0,0,0
28/01/2020 15:39:16.142	P,15,982 123520571382,0,0,0,0,0,0
28/01/2020 15:39:23.511	P,16,982 123475146838,0,0,0,0,0,0
28/01/2020 15:39:30.748	P,17,982 123531952047,0,0,0,0,0,0
28/01/2020 15:39:38.000	P,18,982 123476954839,0,0,0,0,0,0
28/01/2020 15:39:45.261	P,19,982 123518698466,0,0,0,0,0,0
28/01/2020 15:39:52.604	P,20,982 123531951933,0,0,0,0,0,0
28/01/2020 15:39:59.905	P,21,982 123475146937,0,0,0,0,0,0
28/01/2020 15:40:07.222	P,22,982 123520571448,0,0,0,0,0,0
28/01/2020 15:40:14.399	P,23,982 091014560397,0,0,0,0,0,0
28/01/2020 15:40:21.705	P,24,982 123475146712,0,0,0,0,0,0
28/01/2020 15:40:55.361	P,25,982 123478534960,0,0,0,0,0,0
28/01/2020 15:41:02.687	P,26,982 123520571413,0,0,0,0,0,0
28/01/2020 15:41:10.078	P,27,982 123531951904,0,0,0,0,0,0
28/01/2020 15:41:17.222	P,28,982 123726496177,0,0,0,0,0,0
28/01/2020 15:41:24.504	P,29,982 123531951950,0,0,0,0,0,0
28/01/2020 15:41:31.839	U,30,,0,0,0,0,0,0
28/01/2020 15:41:39.106	P,31,982 123518698393,0,0,0,0,0,0
28/01/2020 15:41:46.445	P,32,982 123520571406,0,0,0,0,0,0
28/01/2020 15:41:53.679	P,33,982 123475146622,0,0,0,0,0,0
28/01/2020 15:42:00.863	P,34,982 123456841094,0,0,0,0,0,0
28/01/2020 15:42:08.038	P,35,982 123475146785,0,0,0,0,0,0
28/01/2020 15:42:15.330	P,36,982 123475146886,0,0,0,0,0,0
28/01/2020 15:42:22.532	P,37,982 123520571493,0,0,0,0,0,0
28/01/2020 15:42:29.855	P,38,982 123544234913,0,0,0,0,0,0
28/01/2020 15:42:37.139	P,39,982 123520571340,0,0,0,0,0,0
28/01/2020 15:42:44.366	P,40,982 123478534830,0,0,0,0,0,0
28/01/2020 15:42:51.688	P,41,982 123476954856,0,0,0,0,0,0
28/01/2020 15:42:58.896	P,42,982 123520571480,0,0,0,0,0,0
28/01/2020 15:43:06.211	P,43,982 123531951954,0,0,0,0,0,0
28/01/2020 15:43:13.584	P,44,982 123533468196,0,0,0,0,0,0
28/01/2020 15:43:20.896	P,45,982 123475146913,0,0,0,0,0,0
28/01/2020 15:43:28.138	P,46,982 123475146663,0,0,0,0,0,0
28/01/2020 15:43:35.569	P,47,982 123520571454,0,0,0,0,0,0
28/01/2020 15:43:47.843	P,48,982 123526230197,0,0,0,0,0,0
28/01/2020 15:43:55.046	P,49,982 123475146910,0,0,0,0,0,0
28/01/2020 15:44:02.320	P,50,982 123533468188,0,0,0,0,0,0
28/01/2020 15:44:09.547	P,51,982 123464414294,0,0,0,0,0,0
28/01/2020 15:44:16.966	P,52,982 123531952039,0,0,0,0,0,0
28/01/2020 15:44:23.708	P,53,982 123531951979,0,0,0,0,0,0
28/01/2020 15:44:31.411	P,54,982 123531951891,0,0,0,0,0,0
28/01/2020 15:44:38.743	P,1,982 123531951932,0,0,0,0,0,0
28/01/2020 15:44:45.956	P,2,982 123531952030,0,0,0,0,0,0
28/01/2020 15:44:53.314	P,3,982 123531951953,0,0,0,0,0,0
28/01/2020 15:45:00.634	P,4,982 091001208419,0,0,0,0,0,0
28/01/2020 15:45:07.872	P,5,982 123714829352,0,0,0,0,0,0
28/01/2020 15:45:15.027	P,6,982 091012769650,0,0,0,0,0,0
28/01/2020 15:45:22.335	P,7,982 123476954896,0,0,0,0,0,0
28/01/2020 15:45:29.653	P,8,982 123546552934,0,0,0,0,0,0
28/01/2020 15:45:36.926	P,9,982 123476954888,0,0,0,0,0,0
28/01/2020 15:45:44.280	P,10,982 123482461971,0,0,0,0,0,0
28/01/2020 15:45:51.552	P,11,982 123531951924,0,0,0,0,0,0
28/01/2020 15:45:58.996	P,12,982 123475146858,0,0,0,0,0,0
28/01/2020 15:46:06.234	P,13,982 123732446227,0,0,0,0,0,0
28/01/2020 15:46:13.397	P,14,982 123520571498,0,0,0,0,0,0
28/01/2020 15:46:20.713	P,15,982 123531952050,0,0,0,0,0,0
28/01/2020 15:46:28.000	P,16,982 123533468186,0,0,0,0,0,0
28/01/2020 15:46:35.232	P,17,982 123478534889,0,0,0,0,0,0
28/01/2020 15:46:42.460	P,18,982 123475146694,0,0,0,0,0,0
28/01/2020 15:46:49.707	P,19,982 123531951902,0,0,0,0,0,0
28/01/2020 15:46:57.050	P,20,982 123478534800,0,0,0,0,0,0
28/01/2020 15:47:04.338	P,21,982 123520571446,0,0,0,0,0,0
28/01/2020 15:47:11.608	P,22,982 123485232812,0,0,0,0,0,0
28/01/2020 15:47:18.817	E,23,,0,0,0,0,0,0
28/01/2020 15:47:26.068	E,24,,0,0,0,0,0,0
28/01/2020 15:47:33.376	E,25,,0,0,0,0,0,0
28/01/2020 15:48:07.711	E,26,,0,0,0,0,0,0
28/01/2020 15:48:15.080	E,27,,0,0,0,0,0,0
28/01/2020 15:48:22.254	E,28,,0,0,0,0,0,0
28/01/2020 15:48:29.489	E,29,,0,0,0,0,0,0
28/01/2020 15:48:36.801	E,30,,0,0,0,0,0,0
28/01/2020 15:48:44.097	E,31,,0,0,0,0,0,0
28/01/2020 15:48:51.336	E,32,,0,0,0,0,0,0
28/01/2020 15:48:58.556	E,33,,0,0,0,0,0,0
28/01/2020 15:49:05.765	E,34,,0,0,0,0,0,0
28/01/2020 15:49:12.925	E,35,,0,0,0,0,0,0
28/01/2020 15:49:20.122	E,36,,0,0,0,0,0,0
28/01/2020 15:49:27.373	E,37,,0,0,0,0,0,0
28/01/2020 15:49:34.697	E,38,,0,0,0,0,0,0
28/01/2020 15:49:41.940	E,39,,0,0,0,0,0,0
28/01/2020 15:49:49.162	E,40,,0,0,0,0,0,0
28/01/2020 15:49:56.404	E,41,,0,0,0,0,0,0
28/01/2020 15:50:03.571	E,42,,0,0,0,0,0,0
28/01/2020 15:50:10.847	E,43,,0,0,0,0,0,0
28/01/2020 15:50:18.150	E,44,,0,0,0,0,0,0
28/01/2020 15:50:25.437	E,45,,0,0,0,0,0,0
28/01/2020 15:50:32.628	E,46,,0,0,0,0,0,0
28/01/2020 15:50:39.880	E,47,,0,0,0,0,0,0
28/01/2020 15:50:47.230	E,48,,0,0,0,0,0,0
28/01/2020 15:50:54.393	E,49,,0,0,0,0,0,0
28/01/2020 15:51:01.674	E,50,,0,0,0,0,0,0
28/01/2020 15:51:08.811	E,51,,0,0,0,0,0,0
28/01/2020 15:51:16.264	E,52,,0,0,0,0,0,0
28/01/2020 15:51:22.915	E,53,,0,0,0,0,0,0
28/01/2020 15:51:30.658	E,54,,0,0,0,0,0,0
28/01/2020 15:51:37.909	E,1,,0,0,0,0,0,0
28/01/2020 15:51:45.123	E,2,,0,0,0,0,0,0
28/01/2020 15:51:52.427	E,3,,0,0,0,0,0,0
28/01/2020 15:51:59.727	E,4,,0,0,0,0,0,0
28/01/2020 15:52:06.866	E,5,,0,0,0,0,0,0
28/01/2020 15:52:14.028	E,6,,0,0,0,0,0,0
28/01/2020 15:52:21.280	E,7,,0,0,0,0,0,0
28/01/2020 15:52:28.521	E,8,,0,0,0,0,0,0
28/01/2020 15:52:35.794	E,9,,0,0,0,0,0,0
28/01/2020 15:52:43.102	E,10,,0,0,0,0,0,0
28/01/2020 15:52:50.360	E,11,,0,0,0,0,0,0
28/01/2020 15:52:57.720	E,12,,0,0,0,0,0,0
28/01/2020 15:53:04.944	E,13,,0,0,0,0,0,0
28/01/2020 15:53:12.038	E,14,,0,0,0,0,0,0
28/01/2020 15:53:19.256	E,15,,0,0,0,0,0,0
28/01/2020 15:53:26.475	E,16,,0,0,0,0,0,0
28/01/2020 15:53:33.653	E,17,,0,0,0,0,0,0
28/01/2020 15:53:40.825	E,18,,0,0,0,0,0,0
28/01/2020 15:53:48.037	E,19,,0,0,0,0,0,0
28/01/2020 15:53:55.346	E,20,,0,0,0,0,0,0
28/01/2020 15:54:02.590	E,21,,0,0,0,0,0,0
28/01/2020 15:54:09.775	E,22,,0,0,0,0,0,0
28/01/2020 15:54:16.911	E,23,,0,0,0,0,0,0
28/01/2020 15:54:24.129	E,24,,0,0,0,0,0,0
28/01/2020 15:54:31.423	E,25,,0,0,0,0,0,0
28/01/2020 15:54:38.671	E,26,,0,0,0,0,0,0
28/01/2020 15:54:45.970	E,27,,0,0,0,0,0,0
28/01/2020 15:54:53.117	E,28,,0,0,0,0,0,0
28/01/2020 15:55:00.312	E,29,,0,0,0,0,0,0
28/01/2020 15:55:07.573	E,30,,0,0,0,0,0,0
28/01/2020 15:55:14.791	E,31,,0,0,0,0,0,0
28/01/2020 15:55:22.010	E,32,,0,0,0,0,0,0
28/01/2020 15:55:29.194	E,33,,0,0,0,0,0,0
28/01/2020 15:55:36.314	E,34,,0,0,0,0,0,0
28/01/2020 15:55:43.451	E,35,,0,0,0,0,0,0
28/01/2020 15:55:50.569	E,36,,0,0,0,0,0,0
28/01/2020 15:55:57.781	E,37,,0,0,0,0,0,0
28/01/2020 15:56:05.047	E,38,,0,0,0,0,0,0
28/01/2020 15:56:12.253	E,39,,0,0,0,0,0,0
28/01/2020 15:56:19.422	E,40,,0,0,0,0,0,0
28/01/2020 15:56:26.681	E,41,,0,0,0,0,0,0
28/01/2020 15:56:33.797	E,42,,0,0,0,0,0,0
28/01/2020 15:56:41.056	E,43,,0,0,0,0,0,0
28/01/2020 15:56:48.305	E,44,,0,0,0,0,0,0
28/01/2020 15:56:55.556	E,45,,0,0,0,0,0,0
28/01/2020 15:57:02.746	E,46,,0,0,0,0,0,0
28/01/2020 15:57:09.965	E,47,,0,0,0,0,0,0
28/01/2020 15:57:17.274	E,48,,0,0,0,0,0,0
28/01/2020 15:57:24.415	E,49,,0,0,0,0,0,0
28/01/2020 15:57:31.620	E,50,,0,0,0,0,0,0
28/01/2020 15:57:38.766	E,51,,0,0,0,0,0,0
