982123553042111
982091001181293
982123520571350
982123553042047
982123478534806
982123530689068
982123714450233
982123531951924
982123553042159
982123475146555
982000161226782
982123520571429
982123520571458
982123714450305
982123531952023
982123478534809
982123544235029
982123726496166
982091001194055
982123531951905
982123739375349
982123544234941
982123553042133
982123485232960
982123476954804
982123714450306
982091012639182
982123485232884
982123476954829
982123476954859
982123544234990
982123739375371
982123553042227
982123553041972
982123714450257
982123732446227
982123553041962
982123475146600
982123714450278
982123739375389
982091004778508
982123544235026
982123476954870
982123553042067
982091001181508
982123726496160
982123476954820
982123520571370
982123553041960
982123531951945
982123553041970
982123520571344
982123475146718
982123480992788
982123520571523
982123553042112
982091001194046
982123518698401
982123732446249
982123531951894
982123531951914
982123520571457
982123518698399
982123520571471
982123520571493
982123531951917
982123518698348
982123462291516
982123476954864
982123475146734
982123475146576
982123714450242
982123475146558
982123531951940
982123553042230
982123553041985
982091001194042
982123553042157
982123553042196
982091004778268
982123553042140
982000189576284
982123553042104
982123714450309
982123553042248
982123518698439
982123553042132
982123531952027
982123475146937
982123520571380
982123518698337
982123520571529
982123475146803
982123476954851
982123553042078
982123553042153
982123526230263
982123520571561
982123547153823
982123726496159
982091012769650
982123714829352
982123553042130
982123524486675
982123520571319
982123553042143
982123520571337
982123520571476
982123478534892
982123530689077
982123714829359
982123553042063
982123531951880
982123714450276
982123531952009
982123714450223
982123520571361
982123553042207
982123550753010
982123714450226
982123553042238
982123550752971
982123464414037
982123531951954
982123553041973
982123475146556
982123520571511
982123478534747
982123714829375
982123476954895
982123531952049
982123520571399
982123520571420
982123478534751
982123531951936
982123526230195
982123530689080
982123531951909
982123544234971
982123531951950
982123553042219
982123553042024
982123553042032
982123714450261
982123518698434
982123533468206
982123553042234
982123475146810
982123531951910
982123714829330
982123520571386
982091001193941
982123478535029
982123478534715
982123553042050
982091001181118
982123739375378
982123553042006
982123739375387
982123553041968
982091012162172
982123553042214
982123714450263
982123478534739
982123518698438
982123533468189
982123714450286
982123714450271
982123739375366
982123520571433
982123531951947
982123726496175
982091001194085
982123553042013
982123531952016
982123553042142
982123520571543
982123475146652
982123531952013
982123531952051
982123475146574
982123739375345
982123553042154
982123714450247
982123533468196
982123553041988
982123553042007
982123553042136
982123520571510
982123531952010
982123531951884
982123553042038
982123553042090
982123553042213
982123475146912
982123531952040
982123553042210
982123520571416
982091001181005
982123476954850
982123518698393
982123553042017
982123530689078
982123476954812
982091001194037
982123739375361
982123476954885
982123553042080
982123544235000
982123531952043
982091012769725
982123475146643
982123726496181
982123553042241
982123520571522
982123480992318
982091004778752
982123732446260
982123553041961
982123714450243
982091001194066
982123714450252
982123512779042
982123553042029
982123476954891
982123475146748
982000189576080
982123482959527
982091001194114
982123714829335
982091001181047
982123531951892
982123546552924
982123518698378
982123531952054
982123531951890
982123732446221
982000183261329
982123520571385
982123475146585
982123553042191
982123531951953
982123520571530
982123531951977
982123544234965
982123520571347
982123726496183
982123512779024
982123739375362
982123475146622
982123526230238
982123520571434
982123531951971
982123520571513
982123520571388
982123714450265
982123553041979
982123553042019
982123553042164
982091001194193
982123530689073
982123553042126
982123553042188
982123531951867
982123476954882
982123478534785
982123518698405
982123553042118
982123553042243
982123475146578
982123553042079
982000161226030
982123739089715
982123531952039
982123475146792
982123520571492
982123531951879
982123520571453
982123714450220
982123478535070
982123475146553
982123553042035
982091012769640
982123476954805
982123482078426
982123531951891
982123553042021
982123520571534
982123520571486
982123553042245
982123476954860
982123553042163
982123544234911
982123739375372
982123520571417
982091001194095
982123520571556
982123531951990
982123739375381
982123732446226
982123531951994
982123714450283
982123531951979
982123553042156
982123531951858
982123520571501
982123553042068
982123531951974
982123553042074
982123475146840
982123544234898
982091001181120
982123531951913
982123739375376
982123521771572
982123553042061
982123553042138
982123553042187
982123714829374
982123714450246
982123531951883
982123544234895
982123553042003
982123478534843
982123475146569
982123714450213
982123553042122
982123553042027
982123714829358
982123520571566
982123533468198
982123553041993
982123732446211
982123531951983
982123475146573
982123475146624
982123553042101
982123531952002
982123520571372
982123739375357
982123531952011
982123732446250
982123520571490
982091001194012
982123546552942
982123553042155
982123531951877
982091002159555
982123478534959
982123478535067
982123553042005
982123520571336
982123531951870
982123714450210
982123553042046
982123553042014
982091012639173
982123520571540
982123739375373
982091000610067
982123714450227
982123475146616
982123531952026
982123520571403
982123714829351
982123476954862
982123553042141
982123714450307
982123739375347
982123714450214
982091000609621
982123739375390
982123553042028
982123553041969
982123520571472
982123553042073
982123526230207
982123485232785
982123526230211
982123475146672
982123553042042
982123518698386
982123714450302
982091014657430
982123475146767
982091013255393
982123726496173
982123475146788
982123550752980
982123714450250
982123520571445
982123714450304
982123521771562
982123553041982
982123553042040
982123475146846
982123478534876
982123739375367
982123739375360
982123553042082
982123476954867
982123531951861
982123553041974
982123732446223
982123531951900
982123714450308
982123520571548
982123520571378
982123550752994
982123478535026
982123520571374
982123553042012
982123553042215
982123526230272
982123520571550
982123553042055
982123478534933
982123553042244
982123544234926
982123476954869
982123553041965
982123478534868
982123553042247
982123476954826
982123476954855
982123476954824
982123520571351
982123553042129
982123520571400
982123533468197
982123732446254
982123475146825
982123714829346
982123520571318
982123553042200
982123476954888
982123520571397
982123732446231
982123531952015
982123553042009
982123520571537
982123476954854
982123553042252
982123475146829
982123520571504
982123714450266
982123531951958
982123553042158
982123475146650
982123475146599
982123553042250
982123464414132
982091004615095
982123714450232
982123520571536
982123478534723
982123553042211
982123475146621
982123520571329
982123553042085
982123553042000
982123531951885
982123553042240
982123553042198
982123520571360
982123478537415
982123531951868
982123553042048
982123550753007
982123531951931
982123553042226
982123726496167
982123732446253
982123531951886
982123478227992
982123476954853
982123530689083
982123524486649
982123475146812
982123553042020
982123475146580
982123521771568
982123531952037
982123553042115
982123553042022
982123526230241
982123478544789
982123553042202
982123482078674
982123553041958
982123739089749
982123553042015
982123553041967
982123732446251
982123714829367
982123530689082
982123553042049
982123714450229
982123520571389
982123520571496
982123553041998
982123544234931
982123520571348
982123553041981
982091012769747
982123553041978
982123520571330
982123714450221
982123520571505
982123475146642
982091001181297
982123531951912
982123553042045
982123553041996
982123553042151
982123550752965
982091000609769
982123553042086
982123553042077
982123464414195
982123518698402
982123531951889
982123512779015
982123478535044
982123726496170
982123553041983
982123553042110
982123546552926
982123714450262
982123520571477
982123550752999
982123531951944
982123553042216
982123714450259
982123531952001
982123531951875
982123553042123
982123475146741
982123520571533
982123531951904
982123553042105
982123553042127
982123520571488
982123510021214
982091000199513
982123553042254
982123476954897
982123475146917
982123544234994
982091001181317
982123714450267
982123478534792
982123531951882
982123520571497
982123553042165
982123714829365
982123520571376
982123475146680
982123476954846
982123531951898
982091001194123
982123531951876
982123531951930
982123714829356
982123533468190
982123714450301
982123531951975
982123476954816
982123520571542
982123478534758
982123531951962
982123478535075
982123520571479
982123475146853
982123478534958
982123531951864
982123475146654
982123464414199
982091001181201
982123739089725
982123714829326
982123739089739
982123544234916
982123531952020
982123520571414
982123476954896
982123531952003
982000189576052
982123714450240
982123520571508
982123476954858
982123739375344
982123520571498
982123544235008
982123553042114
982123739375392
982123714450228
982123553042148
982123553042192
982123553042209
982123553042139
982123464414576
982123520571359
982123526230232
982123544234929
982123464414076
982123520571357
982123553042058
982123553042145
982123520571489
982123531952018
982123553042016
982091001193996
982123553042218
982123485225451
982123531951989
982123464414456
982123553042232
982123553042113
982123478543635
982123544234962
982123475146589
982123520571395
982123750661001
982123521306043
982123553042150
982123553042044
982123553041995
982123475146645
982123520571411
982123524486665
982123739375386
982123739375369
982123475146653
982123475146730
982123510021211
982091000197329
982123520571552
982123520571418
982123553042193
982123553042119
982123726496177
982091012769836
982123714450258
982123520571373
982123544234991
982123550752992
982123732446215
982123478535023
982123475146871
982123520571491
982123550752967
982123520571326
982123520571456
982123476954834
982123475146914
982123553042236
982123531951964
982123750660987
982123533468191
982123553042134
982123518698445
982123531951948
982091014657709
982091012769794
982091001206189
982123478534889
982123714450211
982123553042124
982123546552935
982123739375385
982123475146808
982123476954822
982123520571546
982123531951908
982123553042069
982123520571440
982091012647387
982123553042203
982123553041987
982123475146860
982123553042008
982123547153820
982091000609855
982123464414299
982123478534800
982123714450296
982123714450238
982091001181070
982123520571392
982123726496158
982123553042144
982123475146588
982123553042059
982123531952041
982123553042149
982123531951873
982123714450280
982123475146630
982123739375388
982123714450282
982123553042117
982123531951991
982123714450290
982000189575912
982123553042121
982123732446244
982123553042228
982123478535043
982091001194146
982123520571460
982123531951874
982091004778533
982123520571485
982123520571368
982123531951985
982123478534777
982123714450212
982123456839022
982123521306030
982123553041977
982123478535074
982123533468192
982091001181190
982123475146866
982123714450270
982123520571343
982123531952052
982091012162202
982123553041990
982123739375355
982123714450299
982091001205630
982123518698396
982091001181011
982123714450255
982123553042084
982123739375353
982091000609936
982123530689047
982091000609658
982123456838359
982123553041975
982123531951984
982123739375348
982123714450222
982123714450268
982091001194022
982123478228407
982123732446218
982123512779019
982123520571450
982123520571333
982123553042229
982123553042033
982123553042031
982123714450234
982091000199562
982123726496185
982123476954837
982123478535003
982123553042246
982123520571427
982123518698331
982123553042057
982123520571325
982123553042026
982123475146903
982091001181053
982000161226059
982091001181204
982123544234928
982123475146605
982123531951887
982123520571553
982123714450279
982123739375379
982123553041992
982123520571323
982091001193932
982123553042249
982123520571367
982123520571358
982123739375354
982123478534794
982123533468195
982123553042036
982123553042221
982123553042066
982123475146714
982123531952033
982123714829334
982123520571480
982091014560397
982123553042152
982123550753013
982123553042030
982123482461971
982123553042095
982123520571461
982123526230245
982123544234908
982123475146608
982123521771558
982123512779023
982123531952035
982123476954839
982123553041966
982123553042147
982123475146561
982123531951951
982123732446241
982091001181279
982123553042222
982123553041963
982123544234975
982123475146671
982123531951929
982123520571438
982123553042099
982091014560318
982123531951965
982123553042083
982123464414078
982123476954902
982123526230199
982123531951941
982123544235010
982123732446220
982123464414061
982123739375380
982091004778634
982123530689046
982091004778584
982123476954817
982123544234981
982123531951972
982123475146559
982123553042076
982123520571503
982123732446214
982123478534882
982091012647228
982123553042220
982123520571432
982123553042102
982123520571371
982123714829332
982123520571465
982123714450237
982123553042002
982123553042075
982123714450235
982123553042103
982123531951928
982123553042255
982123553041994
982123726496155
982123553042004
982123714450288
982123550752972
982123726496142
982123732446247
982123520571554
982123520571436
982123475146886
982123526230203
982123531951982
982123732446243
982123475146839
982123475146610
982091001205727
982123531952014
982123531952017
982123478534942
982123550752996
982091002159512
982123520571322
982123553042237
982123520571435
982123726496143
982123739089747
982123478534810
982123520571481
982123553042146
982123478534849
982123553042072
982123553042253
982123739375375
982123714450256
982123531951897
982123520571532
982123553041999
982123478534955
982123553042089
982091004778247
982123533468200
982091001181323
982123464414542
982123526230193
982123520571564
982123714450254
982123475146675
982123739089743
982123476954856
982123714450272
982000189575794
982123520571405
982123512779027
982123531951907
982123714450275
982123531951946
982123553042197
982123524486663
982123531952012
982123544234970
982123531951938
982123520571413
982123553042257
982123732446236
982123553042054
982123531951901
982091004778397
982123553042043
982123533468232
982123553042056
982123531951866
982123550752973
982123530689081
982123739375368
982123732446217
982123475146607
982123478535010
982123714829354
982123475146614
982123520571381
982123739375377
982123553042204
982123520571431
982123475146890
982123531951957
982123475146664
982123524486664
982123553042131
982123475146596
982123531951863
982123475146735
982123553041971
982123475146784
982123553042053
982123531952050
982123520571475
982123553042091
982123475146568
982123714450274
982091001181038
982123726496176
982123520571340
982123550752983
982091001208419
982123553042109
982123553042108
982123520571449
982123553041986
982123739375351
982123544235032
982123553042100
982123524486638
982123553042070
982123531951925
982123531951943
982123520571557
982091001194178
982123476954892
982123553042071
982123531951871
982123550752979
982123518698409
982123739375383
982123544234955
982123530689050
982123530689057
982123553042037
982123478534797
982123520571346
982123714829357
982123520571426
982123750660991
982123531951888
982123553042039
982123476954838
