091012162172
123739375384
123553042084
123553042067
123476954870
091001181297
123531951889
123478534785
123544234992
123553041974
123520571427
123526230197
123553042035
123726496176
123726496167
123475146853
123553042083
123553042032
123531952016
123475146578
123739375351
123526230207
123531952054
123531951901
123531951891
123531951904
091001193928
123553042113
091001181195
091004778691
123531951983
123526230272
091001208419
123553042016
123714450213
123476954840
123553042058
000189575912
123533468194
123520571485
123478508155
123475146839
123553042145
123544234970
123714450214
123714450268
123714450256
123520571554
123478535023
123476954864
123714450306
123478535070
123475146680
123553041983
123714450279
123475146912
123475146558
123553042191
123714829360
123520571367
123553041990
123544234929
123475146639
123714829352
123531952017
123550753001
123456841094
123553041969
123553042102
123732446221
123475146652
123553042153
123732446211
123520571469
123739375348
123531951867
123476954827
123530689046
123476954804
123475146600
123475146569
123533468208
123478544257
123553042187
123544234965
123714450210
123520571333
123478534739
123478534935
123475146630
123714450265
123520571446
123475146860
123531951931
123530689081
123512779024
123475146829
123485232960
123476954859
091001194146
091001181064
091012769807
123476954854
123475146718
123520571393
091012769692
091014560397
123553042027
123462291516
123714450261
123520571526
123476954862
123520571496
123553041972
123553042045
123476954850
123531952047
123553042156
123553042013
123739375365
123553042212
123475146840
123476954845
123732446217
123475146587
091012639209
123520571378
091001181508
123714450307
123553042077
123714450282
123553042158
123482078674
123478534860
123475146624
091004778298
123553042229
123512779042
091012769836
123464414443
123520571491
123553041981
123524486638
123531951874
123524486675
123739375376
123464414195
123475146605
123520571534
123464414076
123531952001
123553042211
123553042221
123476954816
091012769650
123714450270
123544234908
123531952052
123550752965
091001180997
091001181070
123520571490
123550752998
091002159555
123553042012
123520571494
123475146596
123520571329
123553042122
123531951898
123464414438
123553042220
123553042202
123518698375
123714450246
123526230238
123531951885
123478228209
123714450308
123739375362
123714829367
123553042095
123518698390
123531951988
123553042203
123739089747
123478534792
123475146589
123750660987
123553041958
123478534849
123714450296
123521771572
123531952026
123475146654
123553042226
091001194072
123531952043
123478534843
123475146903
123553042164
123553042000
091000609855
123732446231
123553041998
123520571456
091004778368
123526230241
123714829335
123475146663
123478535068
091001181013
123520571347
091001181190
123520571385
123478534955
123739375356
123553042237
123520571548
123510021214
123544234898
123475146698
123520571466
123520571373
123553042111
123520571340
123480992318
123520571406
123553042163
123518698434
091014657546
091004778247
123553041979
123475146580
123732446216
123553042200
123485225932
123478534702
091001193932
123553042017
123478534747
123544234994
123533468197
091014560664
123520571566
123518698459
123553042056
123510021216
123553042043
123531951946
123478543661
123553041961
123520571348
123739375368
123520571476
123553041978
123531952039
123520571436
123520571492
123553042066
123553042054
123520571434
123732446254
123726496179
123550752983
123518698348
123553041967
123553042151
123531951935
123475146902
123553042146
123739375381
123478534736
123478543944
123553042227
123520571435
123464414095
123478534805
123520571463
123464414296
123714450222
123553042207
123475146608
123714450252
123714450238
123553042085
123553042243
123475146862
123478535010
123531951859
123544234931
123553042100
123553042094
123476954805
123530689077
123475146803
123475146610
123714829371
123520571359
123553041995
123531951973
123553042101
123475146748
000159019323
123550753007
123476954885
123475146615
123553041993
123520571372
091000199562
123544234941
123739375371
123739375360
123520571552
123726496180
123714450223
091001193996
123520571555
123520571418
123520571405
123464414025
123464414527
123726496155
123714829359
091001194055
091001194022
123531952021
123550752999
123478534918
123520571487
091001181103
123714829354
123732446242
091001194042
123544235000
123553042257
123478534806
123478537355
123478227978
123464414456
123518698460
123732446258
123739375387
123714450226
123520571371
123531951873
123739375370
123553042039
123526230245
123531952041
123732446256
123739375346
123531951982
091012647510
123732446220
123714450255
123456839022
123478534933
123475146701
091001181279
000161226782
123520571325
123544235026
123553042150
123520571350
123553042255
123478534889
123478535003
123520571376
123750661001
123526230203
123546552934
123521306030
123485232884
123520571513
123553042061
123732446224
123531951868
123518698409
123520571381
123714829368
000161226030
123531952045
123531951980
123553042147
091001181371
123475146847
123478535047
091001194199
123732446233
123531951917
123553042022
123553041987
123531951914
123726496143
123739375343
123485225396
123531952042
000183261329
123553042123
123714450271
123550752980
123739375350
123464414023
123553042252
091001194094
123531951884
123531952002
123714829343
123521306037
123553042037
091012647182
123732446234
123475146808
123714450272
123553042006
123553042253
123531952040
123531951890
091000124916
123485225852
123520571505
123520571501
091001194099
123520571503
123553042136
091004778268
123518698402
123553042071
123531951991
123714829372
123476954856
123464414051
123553042069
123714450301
123520571461
123714450212
000189576435
123485225507
123553042112
091001181038
091001194085
123714829332
123553042104
123520571382
123553041962
123478534811
123476954846
123739375389
123550752971
123531951924
123553042074
123553042216
123475146643
123714829328
123553042121
123518698386
123739089725
123520571497
123553042129
123739089730
123739375383
123726496177
123512779023
123553042193
123518698429
123476954882
123531951886
123475146838
123550752973
123550753005
123550752976
123476954851
123475146556
123732446249
123531952030
123478543632
091001181201
123531951925
123546552925
123553042142
123520571453
123531951897
123478227992
123714450221
123553041999
123714450266
123476954895
123739089715
091004778821
123553041975
123531951950
123714450228
123518698378
123553042086
123732446251
091000609721
123726496181
123520571532
123732446237
123531952038
123478535026
123553042019
123521771558
123553041959
123553042109
123531951962
123544235008
123553042106
123739089739
123531952018
123520571553
123531951921
123739089749
123553042117
123475146910
123475146730
091014560318
123553042015
091001181182
123739375385
091004778397
123739375357
123531951930
123475146599
123475146561
123739375353
123476954888
123464414053
123553042131
123476954815
123531952012
123475146642
091001194066
123553042248
123714829351
123482078426
123531951900
123478534892
091001181245
123544234975
091012639173
123482461825
123518698358
123553042026
123531951958
123732446229
123518698396
123714450262
123531951920
123550752964
123553042079
123520571379
123553041968
123739375388
123520571565
091004778634
091001205727
123478534699
123520571502
123524486664
123476954892
091004778489
123520571445
123732446215
123518698439
123553042003
123739375379
123739375358
123714450263
091001181112
123739375354
123476954874
123478534960
123553042021
123476954803
123531951985
123478534986
123732446222
123475146559
123476954834
123553042081
123464414037
091002159495
091001194012
123550752978
123520571404
123714450257
123520571389
123518698436
123553042245
123714829346
123530689083
123553042047
123553042005
123714450309
123533468192
123714450275
123530689057
123553042213
091012769713
123524486665
123553042024
123531951974
123476954884
123714450259
123475146871
123531951869
123750660991
091001205630
123476954839
123518698346
123714829344
123553042148
123553042250
123475146894
123553042210
091001194037
123553042063
123531951986
123520571414
123520571326
123475146651
091004778752
123478534937
123521771578
123550752994
123475146660
123526230193
123478534859
123553042057
123520571448
091001181011
123739375355
123714829347
123518698447
123553042159
123475146785
123475146671
123518698365
000189576284
123475146690
123478534830
123553042152
123553042209
123533468195
123520571319
123553042134
123520571537
123553042040
123553042089
123553042138
123531951954
123518698368
123739375377
123520571345
123714450290
123518698405
091004778286
123520571420
123546552935
123512779019
123544234916
123553042249
091012647186
123478534713
123478535044
123478228407
123732446227
123546552924
123714829358
123520571471
123531951955
123478534876
123553041996
123732446230
123520571397
123520571424
091001194034
091001181047
123732446236
091001181153
000161223111
123739375369
123531951928
123520571412
123553042028
091014657430
123531951861
123726496158
123520571358
123475146621
123531951905
123553042132
123553042254
123544234950
123533468198
123739375366
123476954820
123520571332
123553042126
123553042247
123520571438
123475146553
123478543836
123478227936
123531952011
123553042244
123531951909
123553042219
123520571479
123726496175
123475146614
123553042215
091012769640
123520571475
123531951864
123476954808
123732446250
123533468186
123520571546
123520571428
123520571380
123475146551
123518698345
123553041966
123553041994
123553042029
123475146588
123478534710
123520571516
091014657640
123520571386
123531951892
123732446225
123714450227
123531951948
123520571409
091012769646
123531951880
123553042241
123478534758
123544234971
123478537415
123553042127
091001181293
123518698418
091012639182
123553042218
123475146886
123714450233
123531951964
123714450274
123475146858
123475146788
123553041988
123732446255
123531952013
123520571370
123520571357
123520571480
123531951906
123480992788
123520571451
123732446248
123553042130
091001194009
123518698393
123520571493
123739089738
123732446253
123531951879
123512779010
123714829326
123476954869
123714450220
123732446260
123475146622
123531952020
123531951875
123530689071
123520571413
000189575581
123553042230
123714450280
000164775378
123553042197
123475146812
123714450267
091012162202
123521771568
123531951932
123732446228
091001181052
091004615095
123518698337
123476954902
123518698401
123478534794
123520571352
123478534958
123531952049
123478534959
123550752982
123478534810
123476954826
123478534942
123739375375
123478535029
123714450237
123533468191
123475146555
000189576080
123531951910
123475146913
123520571458
123533468196
123739375361
091001181260
123476954822
123520571564
123475146741
123520571488
123531951972
123550752992
123478544461
091000199571
123553042105
091014560501
123475146818
123553042149
123531951987
123475146576
123531951941
091001181261
123553042048
123530689068
091001181118
123478544789
123544234981
091014657438
123732446243
123531951887
123553042246
123553042236
123478534883
091004778456
123714829357
091012769707
123531951860
123475146607
123520571346
123553042214
123476954821
123553042110
123547153823
123531951929
123553042072
123520571411
123544234991
123553042002
123714450242
123553042073
000161226501
123531952027
123726496144
123533468200
123478535075
123533468206
123553042023
091012769747
123547153820
123531951944
123531952009
123533468203
123553041965
123714450276
123512779006
123553042119
123524486676
123475146917
123714829374
123475146712
091001181204
000189575794
123533468190
123520571508
123553042033
123553042070
091001181323
123510021205
123518698333
123726496159
091014657709
123553042103
123520571523
123553042042
091001181336
123732446223
091001194095
123476954853
123475146914
123714450288
123553042108
123476954867
123544235029
091013255393
123553042118
123726496142
123520571457
123520571400
123531951994
123531951984
123739375372
123553042114
123520571510
123476954858
123714450303
091014560550
123739375349
123520571330
123726496166
123553042049
123520571525
123520571432
123739375367
123520571522
123478543795
091001194114
123732446241
123530689069
123739375382
091001181005
123478534952
123553041980
123478535036
123478534809
091001181009
123475146574
123464414132
123530689080
000189576172
123714450234
091001194147
123531952046
123553042198
123714450229
123531952035
123520571360
123739375373
123475146784
123531951893
123520571542
123520571472
123739375378
091004778508
123531952051
123512779027
123553041970
123476954897
123475146810
123732446244
091000197329
123464414542
091001194193
123553042115
123726496170
123475146846
123533468189
123520571417
123456841804
123524486663
123518698438
123531951933
123544234962
123732446219
091000199389
091012769794
123553042014
123521771562
123464414106
123476954837
123485225451
123553042234
123553042080
123520571450
123531952025
123518698442
123550752972
123531952050
123510021220
123520571460
091002159512
123553042007
123478535043
091001181317
123714450258
123553041973
123531951971
123520571336
123520571550
123714829356
123544234955
091001194071
123518698451
123478534715
123732446232
123478534800
123553041977
123526230211
123531952010
123531951977
123520571557
123464414258
123544235010
123531951908
123553042133
123550752979
123531951945
123714450305
123531952033
123714450286
123732446214
091001182445
123553042036
091004778584
123553042030
123520571433
123553042196
123518698347
091004778438
123531951953
123520571399
123464414199
123478535074
123739375386
123475146672
123553042009
123714829327
123530689078
123476954891
091001181034
123553042139
123464414162
123531951979
123531951936
123553042204
123553042020
123478534882
123476954831
123464414411
123732446245
123518698343
123732446247
091000199467
123531952048
123531951870
123531951871
123520571454
123550753010
000189576494
123531952015
123739375390
123531951863
000161226709
123553042068
123475146573
123714450283
123485232759
123531951858
123520571361
123464414093
123553042004
123531951883
123512779037
123520571504
123553042038
123531951965
123544234990
123553042192
123531951947
123526230204
091001194178
123726496160
123520571423
123518698367
091012647228
123531952056
123714829375
123531951940
123475146793
123520571489
123732446239
123546552942
123531951876
123518698399
123739089742
123553042228
123531952003
123550753002
123544234926
091001194046
123526230199
123553042053
123464414078
123476954829
123739375374
123553042078
123714450250
123520571477
123531951913
091001181397
123714450304
123530689050
123475146675
123531951888
123520571481
123512779034
123475146725
123520571403
123544234913
123714829369
123478534777
123533468188
123526230195
123714450232
123476954824
123464414103
123726496173
123714450302
123475146653
091000609769
123739375380
091004778259
123464414061
123553042144
123520571449
123475146650
123739375345
123476954812
123714829330
123520571440
091001194123
091001194026
123475146694
091001181120
123475146616
123553042082
091000609621
123726496185
123520571395
123530689073
123553042157
123475146568
123553041982
123544235032
123553042154
123475146792
123478841688
123485232785
123464414149
123475146767
123546552939
123520571416
123544234928
123476954838
123553042222
123520571530
123520571486
123553042140
123714829333
123553041971
123546552926
123553042044
123550752988
123520571374
123520571533
091001181022
123553042155
123476954855
123553042055
123524486649
123520571514
123553042008
123739375392
123553042075
000183261614
091012769725
123478534751
123520571498
123478534983
123739375344
123739089743
123475146866
123524486647
123550752996
123553042141
123553042238
000189575800
123550753013
123478534797
123739375391
123456838359
123714829340
123476954863
123553042059
123482959527
123482461971
123464414299
123553042090
123520571351
123531951899
123475146764
123478534723
000189576052
123531951990
123732446238
123520571536
123476954842
123531952023
123714450235
123544234911
123553042076
091000609654
123553041963
123518698331
123475146645
123510021212
123739375352
123520571561
123475146657
123714450299
123553042031
123531951943
123732446226
123533468232
123531951915
123553041992
123520571511
123553041985
123478535067
123475146825
123739375347
123714450254
123714829365
123530689047
091001193941
123510021204
123518698440
091004778301
123544234895
123475146823
123530689060
123475146664
123476954900
123714450243
123531952007
123553042165
091012647300
123520571344
123520571368
123520571431
123464413995
123531952014
123726496183
123478534984
123553042099
123526230263
123526230232
123476954896
123512779015
091012647387
123553042188
123476954860
123732446218
123739089753
123475146585
123520571388
123478543635
091014657498
123531951951
123531951894
123553041986
123714829334
123475146714
123531951976
123531951957
091000609936
000161226043
123714450278
123553042091
123478535031
123553042240
123530689082
123475146735
123518698474
091001181053
091000199513
123739375364
123732446213
123478534808
123520571429
123475146649
123531952037
123478534939
123520571531
123475146851
123520571529
123531951907
123478534992
123739375359
123476954817
123464414576
123732446240
123531951882
123475146612
123520571543
091004778324
123521306043
123475146890
123456841572
091000610067
123520571323
123531951938
123531951919
123531951912
123531951877
000161226059
123732446235
123553042232
123518698388
123714450240
123739375363
091001180998
123520571322
123520571343
123520571337
123531951960
123520571556
123520571426
123531951902
123714450211
123520571444
123520571540
123518698445
123520571465
123478534868
123520571541
123485232547
123475146734
123475146937
123531951989
123531951975
091000609658
123553042050
123553042124
123553042046
123520571318
123553041960
091004778533
123531951866
091001194169
123714450247
123520571392
123510021211
123553042143
091001206189
123550752967
123520571474
