982091001181182
982091004778368
982091014657498
982123456841572
982123464413995
982123475146651
982123475146663
982123475146690
982123475146698
982123475146701
982123475146838
982123475146862
982123478534713
982123478535036
982123478543795
982123478544257
982123510021204
982123518698388
982123518698390
982123520571406
982123520571412
982123520571487
982123531951899
982123531951920
982123531951960
982123531952021
982123531952025
982123531952051
982123544234898
982123544234928
982123544234975
982123550752978
982123550752988
982123726496155
982123732446229
982123732446248
