EID
982000023729149
982000083298050
982091012769640
982000164797761
982123739375381
982000111658342
982091014560550
982000164797683
982123739089711
982000060948383
982091004511838
982123739375349
982000159018957
982123714829369
982000139766606
982123512779019
982000159019167
982123512779031
982000159019252
982123726496177
982000159019323
982123739375350
982000159019254
982091004511865
982123714829351
982000159018542
982123739089742
982000159019103
982123512779010
982000159018665
982123530689069
982000164797664
982123512779034
982000164797741
982091012769650
982123456838967
982123732446242
982123456838640
982091014560664
982123456838359
982123757150814
982123456839039
982123485232821
982123714829345
982123456838702
982123530689050
982123456838781
982123732446224
982123456841804
982123757150830
982123456863453
982123732446222
982000164797557
982123714829343
982123456841094
982000189576435
982123739375344
982123456838898
982123478508494
982123714829360
982000189576626
982123478841942
982123518698436
982000189576293
982123732446253
982000189575603
982123546552935
982000189575691
982123530689080
982000189576600
982123739089735
982000189575648
982123739089716
982000189575794
982123750660982
982000189575581
982123750660983
982000189576052
982000161223111
982000189575651
982123530689059
982000189576494
982000189575526
982000189575912
982000189575582
982123732446217
982000189576631
982123732446239
982123739375386
982000189575721
982000359779051
982123530689057
982000189576554
982123478203750
982123732446221
982123478228023
982123530689053
982000189575766
982123478228230
982123714829373
982123478228209
982123482078294
982123512778999
982123478227991
982091014657487
982123526230263
982091000199562
982123757150826
982123478228047
982123714829361
982123478228445
982091004778306
982123512779035
982123530689082
982123482078403
982091014560659
982123726496180
982123478228087
982123521771562
982123478227936
982123478227992
982123482461847
982123530689064
982123530689071
982091000199602
982091000199483
982123521771572
982123478537523
982091000199844
982123482078674
982123750660990
982091000199551
982123518698469
982123482462004
982123732446255
982091000199513
982091000199389
982123478841668
982123530689079
982091000199571
982091000199448
982123530689081
982091000199497
982123726496160
982091000197329
982123766024484
982123482461971
982123478544257
982123478537455
982123550752967
982123478841725
982123732446247
982091000199504
982123530689078
982123485232970
982091000199396
982123739375368
982091000199605
982123512779042
982091000199467
982123757150842
982123485232738
982123482461865
982123726496158
982000161226273
982123739375391
982000161226027
982123714829359
982000161226793
982123550753013
982000161226689
982123546552926
982000161226701
982123530689073
982000161226831
982123732446248
982000161226791
982123485232960
982123456841511
982123550753001
982000161226358
982123739089723
982000161226395
982123732446232
982000161226217
982123530689047
982000161226716
982123530689068
982000161226092
982123524486663
982000161226501
982123750660954
982000161226037
982123714829338
982000161226067
982123739375343
982000161226242
982091014560334
982123521771563
982123526230245
982000161226812
982123732446258
982000161226059
982000183261329
982123464414365
982123550752994
982123464414416
982123739089718
982123464414123
982123524486667
982123464414004
982123714829329
982123464414037
982123464414198
982123739089708
982123464414574
982091004778531
982123739375375
982123464414042
982123739089713
982123464414456
982123464414227
982091004778324
982123464414051
982123464414098
982123739089751
982123464414258
982123739375383
982123464414141
982123714829346
982123464414001
982123750660981
982123464414095
982123464414132
982123757150843
982123464414103
982123750660978
982123464414207
982123714829339
982123732446219
982123464414174
982123550753003
982123464414076
982123757150850
982123464414053
982123464414120
982123550753010
982123464414023
982123464414061
982123464414038
982123732446243
982123464414085
982123464414576
982123464414402
982123739375355
982123464414443
982123757150834
982123464414363
982123714829354
982123464414199
982123766024470
982123464414107
982123526230241
982123464414459
982123464414149
982123750660995
982123464414440
982123464414183
982123512779006
982123464414204
982091004511785
982123714829356
982123464414559
982123757150852
982123464414438
982123464414398
982123750660973
982123464414196
982123550752982
982123464414482
982123518698429
982123464414217
982123757150833
982123464414508
982123732446231
982123464414338
982123464414106
982123464414249
982123518698440
982123739089724
982123464414154
982123750660980
982123464414216
982091014657498
982123464414547
982123480992788
982123757150858
982123480992295
982123526230232
982123480992410
982123739375380
982123480992716
982123739089734
982123480992499
982123750660977
982123480992344
982123750660997
982123480992491
982091012769692
982123480992292
982123732446220
982123478841656
982123478535074
982123478544263
982123485232556
982123521771578
982123484165499
982123546552934
982123739375377
982000160744431
982123485232884
982000160545047
982123512779011
982123484165440
982123714829330
982123478534800
982123478534935
982123478535043
982123478534833
982091014657754
982123714829326
982123478534918
982123478534758
982123478534699
982123478534743
982123550752979
982123478534792
982123478534939
982123478535003
982123478534715
982123478534992
982123478534805
982123757150855
982123478534811
982123478535047
982123478534713
982123478534860
982123478534848
982123478534770
982123478534861
982123739089754
982123478534777
982123750661000
982123478544789
982123478535024
982123546552930
982123739375378
982123478534955
982123478534736
982123478534961
982123478534735
982123750660974
982123478534723
982123478534739
982123478534892
982123478534785
982123478534702
982123478534960
982123478534808
982123739375367
982123478534966
982123478534820
982123478534932
982123478534794
982123478534806
982123766024462
982123478534807
982123478534747
982123478534783
982123739089743
982123478534937
982123478534869
982123478535017
982123478534958
982123478534883
982123750660962
982123478534972
982123732446240
982123478534841
982123478534859
982123478534882
982123757150849
982123478534924
982123750660959
982123478534751
982123478534719
982123478534707
982123478535010
982123478534916
982123478534840
982123546552923
982123478535051
982123550752980
982123478534959
982123478534757
982123478534849
982123478535053
982123478534809
982123478534843
982123478534797
982123478534952
982123478535026
982123757150816
982123478535068
982123478534927
982123478535023
982123478534772
982123478535067
982123478534830
982123478535031
982123478535044
982123750660952
982123478534986
982123482959527
982123478534979
982123512779023
982123478534876
982123478534963
982123750660968
982123478535014
982123526230249
982123478534813
982123478535033
982123714829368
982123478534906
982123750660998
982123478535036
982123478535059
982123478535048
982123478534981
982123478534868
982123750660964
982123478535081
982123750660979
982123478543661
982123478543632
982123478543853
982123478535075
982123478543663
982123714829341
982123739375345
982123478543635
982123478543944
982123478543836
982123478534942
982123757150847
982123478544086
982123478543971
982091000609724
982091000609648
982123739089737
982091000610058
982123739089722
982091000609617
982123726496181
982091000609855
982091000609721
982091000609673
982123714829358
982091000610067
982091000610056
982123524486638
982091000609621
982091002159512
982091002159480
982091002159495
982091002159511
982123518698409
982091002159555
982091001208419
982091001208273
982123530689067
982091001206189
982091001205727
982123766024466
982091001194037
982091001194034
982091004778421
982123465946117
982091004778489
982123465946084
982091001182194
982091014657430
982123465946055
982091004778243
982123465946051
982123485232759
982123465946373
982091004778268
982123465946207
982091001181697
982123465946126
982091001182445
982123465946230
982123485232785
982123465946298
982091001182354
982123465946366
982123485232603
982123714829334
982123465946238
982091004778456
982123465946215
982091001182316
982123550752983
982123465946030
982091004778301
982091001193862
982091001194071
982091001193928
982091001193941
982091001194026
982091001194085
982123766024469
982091001194046
982091001193932
982091001194112
982123732446234
982091001193898
982091001194123
982091001194074
982123739089736
982091001194146
982091001194022
982091001193996
982091001194009
982091001194018
982123521771568
982091001194055
982091001194012
982091001194095
982091001194153
982123550752998
982091001194199
982091001194142
982123739089741
982091001194067
982091001194056
982091001194099
982091001194014
982123550753005
982091001194101
982091001194093
982123550753007
982000153222368
982091004778383
982091002235643
982091004778821
982091004778752
982000136980153
982091004778296
982091004778584
982091002235799
982091004778269
982123518698431
982091002235937
982091004778753
982123714829327
982123739375392
982091001194185
982091001194124
982091001194147
982091001194114
982091001194086
982091001194094
982091001194122
982123550752999
982091001194066
982091001194050
982123766024451
982091001208410
982091004778241
982123462558625
982091004778693
982123462558724
982091004778247
982123462558620
982091004778653
982123732446236
982123462558635
982091004778508
982123462558579
982091004778298
982123739375358
982123739375363
982123462558634
982091004778368
982123462558568
982091004778634
982123757150845
982123462558668
982091012769807
982123462558593
982091004778483
982123462558729
982091004778397
982123766024478
982123462558578
982091004778691
982123462558676
982091004778259
982091001194072
982123739375361
982091001194193
982091001194129
982123732446254
982091001194042
982091001194178
982123757150840
982091001194159
982123726496144
982091001194132
982091001194169
982091001181424
982091001181397
982091001194109
982091001181336
982123739375373
982091001181195
982123739375348
982091001181011
982091001181371
982091001181323
982091001181006
982091001181204
982091001181153
982091001180998
982091001180997
982091001181112
982123739375384
982091001181182
982091001181187
982123550752965
982091001181186
982091001181201
982091001181173
982123739375388
982091001181120
982091001181013
982091001181508
982091001181106
982123550752972
982091001181048
982091001181190
982091001181181
982123757150824
982091001181279
982091001181261
982123739375379
982091001181299
982123714829365
982091001181052
982000196614590
982091012769646
982000196614779
982091012769747
982000196614798
982091012769711
982000359959360
982123512779015
982091001181031
982091006618368
982123524486670
982091001181066
982091001181297
982091001181560
982123739089717
982091001181003
982123757150854
982091001181064
982091001181039
982123739089729
982091001181032
982091001180994
982091001181030
982123766024465
982091001181132
982123739089720
982091001181024
982091001181009
982091001181293
982091001181053
982091001181443
982091001181429
982091001181161
982091001181016
982091001181051
982123550753012
982091001181269
982091001181038
982091001181260
982091001181022
982123739375390
982091001181118
982091001181229
982091001181245
982091001181070
982123766024464
982091001181005
982091001181317
982091001181253
982123732446241
982091001181107
982091012639182
982091012647197
982123546552931
982091012647281
982091012647542
982123732446226
982091012647155
982091012647186
982091012639205
982123732446256
982091012639090
982123739089757
982091012639249
982091012639173
982123766024461
982091012647387
982091012639209
982091012639046
982091012639134
982091012647438
982123739089712
982091012639221
982091012647194
982091012647154
982091012647246
982123739089715
982091012647300
982091000609936
982091000610063
982091002159449
982091002159594
982091002159976
982091001205630
982091012647228
982091012647597
982123750660975
982091012647182
982123757150862
982123479335814
982123714829372
982000152844447
982091014560466
982091014560447
982123550752973
982000189648282
982091014560318
982000189648273
982091014560397
982000189624397
982091014560359
982123714829375
982123478537509
982123739089727
982000151939810
982091014560501
942000001767056
982091014560332
982123732446252
982123732446212
982123739375359
982000189629924
982091014560341
982123550752976
982123757150818
982000359959300
982091014657424
982123739375382
982000359959775
982091014657402
982123475146553
982123475146556
982123475146551
982123475146555
982123475146568
982123757150839
982123475146565
982123475146561
982123766024486
982123475146566
982123475146569
982123475146563
982123726496173
982123478543795
982123475146573
982123475146574
982123475146576
982123475146578
982123475146583
982123475146582
982123475146580
982123475146587
982123475146585
982123475146589
982123475146588
982123475146596
982123475146599
982123475146600
982123475146597
982123475146601
982123475146628
982123475146608
982123475146612
982123475146616
982123475146610
982123475146607
982123475146605
982123475146614
982123475146625
982123475146621
982123475146622
982123475146617
982123475146624
982123475146623
982123475146630
982123475146633
982123750660971
982123475146639
982123475146650
982123475146649
982123475146652
982123475146651
982123750660955
982123475146645
982123475146654
982123475146653
982123757150825
982123475146656
982123475146657
982123475146664
982123475146663
982123475146660
982123475146667
982123475146671
982123750660984
982123475146642
982123475146673
982123739089740
982123475146643
982123475146672
982123475146675
982123475146677
982123475146680
982123475146685
982123475146690
982123475146691
982123546552924
982123475146689
982123478534710
982123478534984
982123475146698
982123475146701
982123475146706
982123475146703
982123475146710
982123475146712
982123475146714
982123475146719
982091012769744
982123757150813
982123475146718
982123475146720
982123475146721
982123714829332
982123475146725
982123475146726
982123475146728
982123475146730
982123475146734
982123475146735
982123475146741
982123475146748
982123475146747
982123739089747
982123475146759
982123475146761
982123732446211
982123475146764
982123475146767
982123475146777
982123732446238
982091013569000
982123526230275
982123475146784
982123475146785
982123475146788
982123475146790
982123475146793
982123475146794
982123475146792
982123475146796
982123475146803
982123475146802
982123475146810
982123475146811
982123475146808
982123475146814
982123732446249
982123475146812
982123475146813
982123475146815
982123475146818
982123475146820
982123750660957
982123475146823
982123475146825
982123475146828
982123475146829
982123475146841
982123475146839
982123475146838
982123475146836
982123475146840
982123475146835
982123475146837
982123475146842
982123475146846
982123475146849
982123475146847
982123475146851
982123475146852
982123475146854
982123750660963
982123475146853
982123475146859
982123475146858
982123475146862
982123475146861
982123739089721
982123475146863
982123732446230
982123475146866
982123475146868
982123475146864
982123475146860
982123475146869
982123475146871
982123475146873
982123750660993
982123475146876
982123475146875
982123475146880
982123475146874
982123475146881
982123475146883
982123475146884
982123475146885
982123475146890
982123475146892
982123475146889
982123475146891
982123475146894
982123475146899
982123475146897
982123475146901
982123475146902
982123766024479
982123475146903
982123475146906
982123475146907
982123475146913
982123475146912
982123475146909
982123475146910
982123475146914
982123475146886
982123475146917
982123475146931
982123475146932
982123475146937
982123475146935
982123475146939
982123739089750
982123475146938
982000359959457
982091014657709
982000151937852
982091014657640
982000189630015
982091014657546
982000359959371
982123521771558
982123478534889
982123766024475
982000151938253
982091014657752
982123518698474
982123478537355
982000142885152
982091014657368
982123464414078
982000189576623
982123714829357
982000121297356
982000139432837
982123518698333
982123464414206
982123739089756
982000358493864
982123518698354
982123478544461
982123482959752
982123518698357
982000359959449
982123518698345
982000358493941
982123518698346
982000189629949
982123518698378
982000359959480
982123518698348
982000142885041
982091004511928
982123464414292
982123524486649
982123757150831
982091000199508
982123739375370
982123464414005
982123524486675
982123482461825
982123464414025
982000061011356
982123518698387
982123530689083
982000189576048
982123456839022
982091000609654
982123750660966
982091000609540
942000004228092
982123518698438
982000189630260
982123518698402
982000359959438
982123518698391
982123750660992
942000001767046
982123518698390
982000189629986
982123518698451
982000358494069
982123518698393
982000359959307
982123518698434
982000189630041
982123518698461
982123518698418
982000359959587
982123518698386
982000189630136
982123518698401
982123464414259
982123550752988
982123464414570
982123739089749
982123464414299
982123464414093
982091000199459
982091004511902
982123464413981
982123518698347
982000189575899
982123714829371
982000121297519
982091004778286
982000189576067
982123530689060
942000004228099
982123518698332
982000356870599
982123518698368
982000359959723
982123518698365
982123750660996
982000189629837
982123518698337
982000359959416
982123518698331
982000189630213
982123518698358
982000151937925
982123518698364
982000358493984
982123518698343
982000359959744
982123518698367
982123464414195
982000189575640
982123732446235
982000142884653
982123732446251
982000189576080
982123464413976
982123464413995
982123739089710
982000189575546
982123726496176
982091000124916
982000189575733
982123739375385
982123478534933
982123750660989
982123464414345
982123518698371
982123478543725
982123518698445
982000159015122
982123478537396
982000159019104
982123732446223
982091000609658
982091000610027
982123518698447
982123456858158
982123726496167
982091000609890
982123521771584
982123732446229
982000151937574
982123518698459
982123739375369
982000189630003
982123518698375
982123750660991
982000189630157
982123518698456
982000359959291
982123518698475
982000151937890
982123518698399
982000359959361
982123518698394
982000358494038
982123521771581
982000164797532
982123521771585
982000164797861
982123464414294
982123739375362
982000189575800
982123464414229
982123530689046
982123478535070
982123478534983
982000159018990
982123739089752
982091000609646
982091000609769
982000189630485
982123518698432
982000358494318
982123518698388
982000359959325
982123518698396
982000359959309
982123518698439
982000359959298
982123518698405
942000001767062
982123518698466
982000192214461
982123518698442
982123520571321
982123520571319
982123520571318
982123520571323
982123520571322
982123766024477
982123520571326
982123520571339
982123520571330
982123766024460
982123520571338
982123520571327
982123732446218
982123520571328
982123520571337
982123520571336
982123520571325
982123520571331
982123520571333
982123520571340
982123520571329
982123520571332
982123520571344
982123520571343
982123520571345
982123520571341
982123520571346
982123520571347
982123520571348
982123520571352
982123520571351
982123520571355
982123520571357
982123520571358
982123520571361
982123520571365
982123520571364
982123726496175
982123520571359
982123520571360
982123520571366
982123520571368
982123520571367
982123520571370
982123520571369
982123520571372
982123520571373
982123520571376
982123520571380
982123520571378
982123520571375
982123520571374
982123520571379
982123520571382
982123520571384
982123739375376
982123520571385
982123520571389
982123520571388
982123520571391
982123520571386
982123520571392
982123520571394
982123520571398
982123520571404
982123520571397
982123520571407
982123520571399
982123520571395
982123520571393
982123520571409
982123520571400
982123520571403
982123520571401
982123520571405
982123520571406
982123520571411
982123520571410
982123714829352
982123520571412
982123520571413
982123520571415
982123520571416
982123520571417
982123520571414
982123520571418
982123766024488
982123520571424
982123520571420
982123520571421
982123750660956
982123520571422
982123520571428
982123520571431
982123520571429
982123520571430
982123520571432
982123520571436
982123520571434
982123766024485
982123520571435
982123520571437
982123520571438
982123520571439
982123520571440
982123520571443
982123520571445
982123757150846
982123520571444
982123520571448
982123520571450
982123520571449
982123520571453
982123520571451
982123520571454
982123757150827
982123520571457
982123520571455
982123520571456
982123520571458
982123520571461
982123520571460
982123520571459
982123520571463
982123520571464
982123520571465
982123520571473
982123520571472
982123520571474
982123520571469
982123520571470
982123520571466
982123520571471
982123520571476
982123520571479
982123520571480
982123520571478
982123520571475
982123520571483
982123520571481
982123520571485
982123520571486
982091001181027
982123518698460
982123520571427
982123520571423
982123520571477
982123520571371
982123520571387
982123714829364
982123714829374
982091001181047
982123520571492
982123520571489
982123520571488
982123520571490
982123520571487
982123520571491
982123520571494
982123520571493
982123520571496
982123520571497
982123520571495
982123520571498
982123520571501
982123520571499
982123520571502
982123520571511
982123520571503
982123520571504
982123520571509
982123520571507
982123520571505
982123520571506
982123520571515
982123520571516
982123520571510
982123520571514
982123520571513
982123520571512
982123520571520
982123520571523
982123520571522
982123520571524
982123520571526
982123520571525
982123520571533
982123520571528
982123520571530
982123520571531
982123520571532
982123520571535
982123520571536
982123520571534
982123520571545
982123520571539
982123520571541
982123520571548
982123520571542
982123520571529
982123520571544
982123520571538
982123520571446
982123520571540
982123520571543
982123766024463
982123520571546
982123766024476
982123766024472
982123520571552
982123520571554
982123520571550
982123520571555
982123520571553
982123520571556
982123520571557
982123520571559
982123766024468
982123520571561
982123520571566
982123520571564
982123520571565
982123520571562
982123750660967
982123520571508
982091001181034
982123521306007
982091001181083
982123521771557
982091001181103
982000189576571
982123739375374
982123485232684
982123750660986
982123464413952
982123739089733
982000189576008
982091014657438
982000139766138
982123485232547
982000164797533
982123732446233
982000189576172
982123478534810
982091000199772
982123732446260
982000142884997
982123518698344
982123766024453
982000121296673
982000091550020
982123732446245
982000164797440
982000164775378
982000189575736
982091014560858
982123732446216
982123478534790
982123478534954
982123464414064
982091012769713
982123739375352
982000159018776
982123485232623
982000189576073
982123478537415
982123478535029
982000189575543
982123485232922
982123546552941
982123739375364
982123478228359
982123739089738
982000105868057
982091014657649
982123456841572
982123456838402
982123456838604
982123478508155
982123739375360
982000159018935
982123550752997
982000105868222
982123739089748
982000189576284
982123464414542
982000189575621
982123482078426
982000161226782
982123757150837
982000161226163
982123714829333
982123478228014
982000161226806
982123512779037
982123464414513
982123512779018
982123714829335
982000161226043
982123739375387
982123464414215
982123739089731
982000161226078
982123739089730
982123464414527
982123464414185
982123512779027
982000161226627
982123739089746
982000161226030
982123456841045
982123732446225
982000161226713
982123714829344
982000161226634
982123714829340
982123464414353
982123732446237
982123478480477
982123464414411
982000161226680
982123726496185
982000161226736
982123456858761
982123750660988
982000164769198
982123732446257
982123464414296
982000161226318
982123732446244
982123464414205
982123464414113
982123726496166
982123482077195
982091014560531
982123478228407
982000161226709
982123464414386
982123739089753
982123464414162
982000161226140
982123739089709
982123480992290
982123726496179
982123480992318
982123478227978
982123456839114
982123550753002
982123482077165
982123732446214
982123757150829
982000161226329
982123739089728
982123480992710
982123482078565
982123546552925
982000161226148
982123512779009
982123739089732
982123480992301
982123732446227
982123480992726
982123732446250
982000161226241
982123480992294
982123739089725
982123480992596
982123739089726
982000161226050
982123550752966
982000161226804
982123739089755
982123478841688
982123478841664
982000161226408
982123732446228
982000183261614
982000183251744
982123550752971
982000183261268
982123462558603
982091004778438
982091004778533
982000196614569
982091004778587
982123546552942
982000196614974
982091012769725
982000196615110
982091012769707
982123750660969
982000359959436
982123512779024
982000196614661
982091012769705
982123732446215
982123466320588
982091012769735
982123750660976
982000196615213
982091012769836
982000196614818
982091012769794
982123466320828
982091012769833
982000359959696
982123512779004
982000196614711
982091012769722
982000160719743
982123524486660
982000358390428
982123524486647
982123485225507
982123485225932
982123739375365
982123739089739
982123550752996
982123526230242
982123485225407
982123739089745
982123485225396
982123714829328
982123485225852
982123739375366
982123485225451
982123526230272
982123485225424
982123485225402
982123750660965
982123482323334
982123524486665
982123462291516
982123462296742
982123478263384
982123546552939
982091012162272
982123750660972
982123550752964
942000016324690
982091004504451
982091012162156
982091012162202
982091012162172
982091004615173
982091006618624
982123524486652
982091006617514
982123524486639
982123521306061
982123470167655
982123524486653
982123470167653
982123524486664
982091013255419
982123521306029
982123757150835
982123521306030
982123521306033
982091006617183
982123524486676
982123521306036
982123521306037
982091004615095
982123521306041
982123521306043
982123521306044
982123521306047
982123732446213
982091006617177
982123524486642
982091012647156
982123526230236
982123526230238
982123521306048
982123521306050
982123526230181
982123526230182
982123526230184
982123526230186
982123526230187
982123526230190
982123526230193
982123526230192
982123526230195
982123526230196
982123526230197
982123526230198
982123526230199
982123526230203
982123526230202
982123526230201
982123526230204
982123526230206
982123526230207
982123526230209
982123526230210
982091013255393
982123476954803
982123476954804
982123476954805
982123476954806
982123476954807
982123476954808
982123476954810
982123476954812
982123476954815
982123476954816
982123476954817
982123476954819
982123476954820
982123476954821
982123476954822
982123476954824
982123476954826
982123476954827
982123476954828
982123476954829
982123476954831
982123476954832
982123476954833
982123476954834
982123476954835
982123476954837
982123757150851
982123476954838
982123476954839
982123476954840
982123476954841
982123732446246
982123476954842
982123476954845
982123476954846
982123476954847
982123476954850
982123476954851
982123750660985
982123476954853
982123476954854
982123476954855
982123476954856
982123476954857
982123476954858
982123476954859
982123476954860
982123476954862
982123476954863
982123476954864
982123476954867
982123476954869
982123476954870
982123476954871
982123476954872
982123476954873
982123550752977
982123550752992
982123476954874
982123739375371
982123476954881
982123476954882
982123476954884
982123476954885
982123476954887
982123714829347
982123476954888
982123476954891
982123476954892
982123476954893
982123476954894
982123550752970
982123476954895
982123476954896
982123476954900
982123476954902
982123510021204
982123510021205
982123510021206
982123510021211
982123510021212
982123510021214
982123510021216
982123475146549
982123530689062
982123531951858
982123475146694
982123739375347
982123531951859
982123531951860
982123750660953
982123531951861
982123531951863
982123531951864
982123531951865
982123531951866
982123531951867
982123531951868
982123531951869
982123475146558
982123475146615
982123531951874
982123531951873
982123531951875
982123531951876
982123531951870
982123531951877
982123531951871
982123531951879
982123531951880
982123531951881
982123531951883
982123531951884
982123531951882
982123531951935
982123531951886
982123531951885
982123531951888
982123531951890
982123531951889
982123531951892
982123531951891
982123531951893
982123510021220
982123739375356
982123531951894
982123531951897
982123531951895
982123531951899
982123531951898
982123531951902
982123531951900
982123531951901
982123531951904
982123531951907
982123531951908
982123531951909
982123531951905
982123531951906
982123531951910
982123531951913
982123531951912
982123531951914
982123531951917
982123531951915
982123531951919
982123531951921
982123531951920
982123531951925
982123531951926
982123531951924
982123531951929
982123531951928
982123531951930
982123531951931
982123531951933
982123531951932
982123475146559
982123531951887
982123531951938
982123531951941
982123531951936
982123531951937
982123531951940
982123531951952
982123531951948
982123531951949
982123531951950
982123531951951
982123531951945
982123531951953
982123531951946
982123531951944
982123531951947
982123531951943
982123531951955
982123531951954
982123531951958
982123531951957
982123531951960
982123531951964
982123531951965
982123531951963
982123531951962
982123531951971
982123531951976
982123531951974
982123531951975
982123531951972
982123531951973
982123531951969
982123531951985
982123531951979
982123531951984
982123531951983
982123531951980
982123531951982
982123531951986
982123531951989
982123531951988
982123531951987
982123750660961
982123531951991
982123531951994
982123531951993
982123531951990
982123531952001
982123531952000
982123714829367
982123531952002
982123531952003
982123531952006
982123739375389
982123531952007
982123531952010
982123531952009
982123531952011
982123531952013
982123531952012
982123531952015
982123531952018
982123531952016
982123531952017
982123531952020
982123531952021
982123531952019
982123531952023
982123531952024
982123531952025
982123531951977
982123531952014
982123531952030
982123531952026
982123531952027
982123531952032
982123531952028
982123531952039
982123531952035
982123531952048
982123531952043
982123531952037
982123531952046
982123531952045
982123531952047
982123531952042
982123531952038
982123531952050
982123531952041
982123531952049
982123531952051
982123531952052
982123531952036
982123531952033
982123531952053
982123531952054
982123531952056
982123533468195
982123533468197
982123533468196
982123533468198
982123533468200
982123533468187
982123533468186
982123533468188
982123533468189
982123531952040
982123533468192
982123533468190
982123533468191
982123533468194
982123533468203
982123533468206
982123533468208
982123533468209
982123533468211
982123533468215
982123533468219
982123476954897
982123530689077
982123475146896
982123533468223
982123533468224
982123533468222
982123533468225
982123533468227
982123533468230
982123533468229
982123533468233
982123533468231
982123533468232
982123533468234
982123544234885
982123544234886
982123544234887
982123544234891
982123757150860
982123544234890
982123544234892
982123544234893
982123750660960
982123544234894
982123544234895
982123544234897
982123726496169
982123757150857
982123544234898
982123544234899
982123739089714
982123757150828
982123544234900
982123544234901
982123544234913
982123544234907
982123544234910
982123544234904
982123544234905
982123544234906
982123544234908
982123544234914
982123544234912
982123544234911
982123544234916
982123544234915
982123544234921
982123544234922
982123544234918
982123544234917
982123544234926
982123544234923
982123544234924
982123544234928
982123766024481
982123544234929
982123544234927
982123544234935
982123544234931
982123544234930
982123750660970
982123544234934
982123544234936
982123544234938
982123544234933
982123544234939
982123544234943
982123544234940
982123544234941
982123544234942
982123544234944
982123544234945
982123544234950
982123544234949
982123544234952
982123544234955
982123544234954
982123544234951
982123544234953
982123544234958
982123544234956
982123544234957
982123544234959
982123544234960
982123544234947
982123544234963
982123544234962
982123544234964
982123544234965
982123544234967
982123544234970
982123544234969
982123544234972
982123544234971
982123544234973
982123544234966
982123544234982
982123544234981
982123544234976
982123544234975
982123544234979
982123544234980
982123544234985
982123544234984
982123544234988
982123544234991
982123544234989
982123544234990
982123544234992
982123544234987
982123544234998
982123544234997
982123544234994
982123544234999
982123544234996
982123544235000
982123544235006
982123544235005
982123544235004
982123544235001
982123544235009
982123544235008
982123544235007
982123544235010
982123544235011
982123544235013
982123544235012
982123544235015
982123544235017
982123544235018
982123544235024
982123544235025
982123544235026
982123544235027
982123544235029
982123544235032
982123544235031
982123544235030
982123544235034
982123757150817
982123547153804
982123547153806
982123547153805
982123547153809
982123547153807
982123547153813
982123547153815
982123547153817
982123547153818
982123547153820
982123547153822
982123547153823
982123550752978
982123544234888
982123544234889
982123544234978
982123544234983
982123544234993
982123520571350
982123520571353
982123520571426
982123520571433
982123520571537
982123520571547
982123520571549
982123553041959
982123553041960
982123553041958
982123553041961
982123553041962
982123553041963
982123553041965
982123553041968
982123553041967
982123553041969
982123553041970
982123553041971
982123553041972
982123553041974
982123553041973
982123553041976
982123553041977
982123553041975
982123553041978
982123553041982
982123553041981
982123553041979
982123553041980
982123553041983
982123553041984
982123553041985
982123553041988
982123553041986
982123553041987
982123553041990
982123553041993
982123553041992
982123553041995
982123553041994
982123553042002
982123553041996
982123553042000
982123553041999
982123553041998
982123553042004
982123553042003
982123553042005
982123553042008
982123553042006
982123553042007
982123553042009
982123553042013
982123553042012
982123553042016
982123553042014
982123553042015
982123553042017
982123553042019
982123553042018
982123526230211
982123553042024
982123553042020
982123553042023
982123553042022
982123553042021
982123553042026
982123553041966
982123553042028
982123553042030
982123553042031
982123553042029
982123553042032
982123553042027
982123553042035
982123553042036
982123553042037
982123553042033
982123553042041
982123553042042
982123553042039
982123553042040
982123553042044
982123553042043
982123553042054
982123553042046
982123553042051
982123553042053
982123553042050
982123553042048
982123553042049
982123553042045
982123553042052
982123739375351
982123553042047
982123553042056
982123553042057
982123553042055
982123553042058
982123553042059
982123553042061
982123553042062
982123553042063
982123553042065
982123553042067
982123553042068
982123553042066
982123553042069
982123553042071
982123553042070
982123553042073
982123553042072
982123553042074
982123553042075
982123553042076
982123553042077
982123553042079
982123553042078
982123553042081
982123553042082
982123553042080
982123553042083
982123553042084
982123553042090
982123553042091
982123553042088
982123553042089
982123553042092
982123553042094
982123553042095
982123553042096
982123553042098
982123553042100
982123553042105
982123553042102
982123553042103
982123553042104
982123553042101
982123553042108
982123553042110
982123553042109
982123553042038
982123553042086
982123553042112
982123553042113
982123553042111
982123553042117
982123553042114
982123553042115
982123553042118
982123553042125
982123553042126
982123553042124
982123553042123
982123553042119
982123553042121
982123553042122
982123553042129
982123553042130
982123553042131
982123553042127
982123553042132
982123553042134
982123553042135
982123553042136
982123553042133
982123553042138
982123553042139
982091012647510
982123553042143
982123553042144
982123553042140
982123553042141
982123553042142
982123553042145
982123553042146
982123553042147
982123553042148
982123553042149
982123553042099
982123553042137
982123553042150
982123553042154
982123553042153
982123553042151
982123553042152
982123750660994
982123553042155
982123553042156
982123553042159
982123553042158
982123553042157
982123553042160
982123739375354
982123553042161
982123553042162
982123553042165
982123553042164
982123553042163
982123520571381
982123553042188
982123553042192
982123553042191
982123553042200
982123553042197
982123553042195
982123553042196
982123553042203
982123553042202
982123553042204
982123553042205
982123553042208
982123726496143
982123553042207
982123553042206
982123750660958
982123553042210
982123553042212
982123739375353
982123750660987
982123553042209
982123553042211
982123553042193
982123553042198
982123553042194
982123553042215
982123553042213
982123553042214
982123553042217
982123553042216
982123553042219
982123553042218
982123553042222
982123757150859
982123553042223
982123553042220
982123553042228
982123553042232
982123553042236
982123553042221
982123553042234
982123553042224
982123553042227
982123553042225
982123553042235
982123739375372
982123553042229
982123766024487
982123553042230
982123553042253
982123553042249
982123553042247
982123553042250
982123553042241
982123553042248
982123553042239
982123553042245
982123553042243
982123553042240
982123553042246
982123553042244
982123553042237
982123553042238
982123553042226
982123553042252
982123553042256
982123553042254
982123553042251
982123553042255
982123714450213
982123714450211
982123714450210
982123714450212
982123714450214
982123714450215
982123714450216
982123553042257
982123714450220
982123714450231
982123714450228
982123714450221
982123714450218
982123714450234
982123714450240
982123714450225
982123714450226
982123714450232
982123714450235
982123714450241
982123714450233
982123714450239
982123714450222
982123714450229
982123714450237
982123714450224
982123714450238
982123714450219
982123714450227
982123714450223
982123714450247
982123714450245
982123714450246
982123714450242
982123714450244
982123714450243
982123714450251
982123714450252
982123714450250
982123714450255
982123714450262
982123714450254
982123714450256
982123714450261
982123714450257
982123714450258
982123714450259
982123714450260
982123714450265
982123714450267
982123714450269
982123714450270
982123714450266
982123714450268
982123714450276
982123714450275
982123714450271
982123714450274
982123714450272
982123714450273
982123714450279
982123714450280
982123714450278
982123714450277
982123714450283
982123714450281
982123714450282
982123714450290
982123714450287
982123714450285
982123714450286
982123714450291
982123714450288
982123714450284
982123714450289
982123714450294
982123714450296
982123714450299
982123714450295
982123714450300
982123714450301
982123714450303
982123739375357
982123750661001
982123714450302
982123714450304
982123714450307
982123714450305
982123714450306
982123714450308
982123726496159
982123726496183
982123714450263
982123714450309
982123540713650
982123726496145
982123540713651
982123726496170
982123540713652
982123726496165
982123540713654
982123726496187
982123540713655
982123726496147
982123540713656
982123726496140
982123540713657
982123726496148
982123540713658
982123726496149
982123540713659
982123726496150
982123540713660
982123726496155
982123540713661
982123726496164
982123540713662
982123726496153
982123540713663
982123726496142
982123540713664
982123726496172
982123540713666
982123726496161
982123540713667
982123726496163
982123540713668
982123726496182
982123540713669
982123726496141
982123540713670
982123726496151
982123540713671
982123726496157
982123540713672
982123726496138
982123540713673
982123726496152
982123540713674
982123726496156
982123540713675
982123726496174
982123540713676
982123726496154
982123540713677
982123726496139
982123540713678
982123726496146
982123540713679
982123726496184
982123725170003
982123725170002
982123725170001
982123725170000
982123725169998
982123725169999
982123725169997
982123725169996
982123725169991
982123725169992
982123725169993
982123725169995
982123725169994
982123725169987
982123725169989
982123725169990
982123725169984
982123725169983
982123725169982
982123725169988
982123725169980
982123725169981
982123725169979
982123725169973
982123725169974
982123725169976
982123725169977
982123725169978
982123725169972
982123725169970
982123725169969
982123725169966
982123725169971
982123725169962
982123725169964
982123725169965
982123725169963
982123725169961
982123725169960
982123725169959
982123725169958
982123725169956
982123725169957
982123725169955
982123725169968
982123725169967
982123725169954
982123725169952
982123725169951
982123725169953
982123725169946
982123725169948
982123725169947
982123725169949
982123725169950
982123725169945
982123725169944
982123725169943
982123725169927
982123757150823
982123725169931
982123725169932
982123725169935
982123725169929
982123725169933
982123725169938
982123725169928
982123725169939
982123725169940
982123725169934
982123725169942
982123725169936
982123725169930
982123725169937
982123725169923
982123725169922
982123725169921
982123725169926
982123725169924
982123725169925
982123725169918
982123725169920
982123725169917
982123725169915
982123725169913
982123725169916
982123725169914
982123733887198
982123725169912
982123725169941
982123725169919
982123733887197
982123733887190
982123733887192
982123733887193
982123733887191
982123733887194
982123733887195
982123733887196
982123733887186
982123757150819
982123733887182
982123733887183
982123733887189
982123733887185
982123733887188
982123733887184
982123733887181
982123733887178
982123757150815
982123733887180
982123733887179
982123733887187
982123733887176
982123733887177
982123733887172
982123733887171
982123733887170
982123733887173
982123733887174
982123733887169
982123733887162
982123733887163
982123733887167
982123733887165
982123733887168
982123733887161
982123733887164
982123733887158
982123733887157
982123733887160
982123733887159
982123733887154
982123733887151
982123733887150
982123733887155
982123733887144
982123733887147
982123733887146
982123733887152
982123733887149
982123733887153
982123733887145
982123733887142
982123733887141
982123733887140
982123733887143
982123733887137
982123733887138
982123733887136
982123733887134
982123733887139
982123733887133
982123733887135
982123733887175
982123733887132
982123733887130
982123733887131
982123733887129
982123733887127
982123733887126
982123733887125
982123733887124
982123733887123
982123733887121
982123733887120
982123733887118
982123733887119
982123733887113
982123733887116
982123757150838
982123733887115
982123733887114
982123733887112
982123733887110
982123733887111
982123733887108
982123733887106
982123733887109
982123733887107
982123733887105
982123733887100
982123733887103
982123733887101
982123733887102
982123733887098
982123733887097
982123733887099
982123733887086
982123733887087
982123733887089
982123733887090
982123733887084
982123733887083
982123733887082
982123733887081
982123733887080
982123733887078
982123733887071
982123733887095
982123733887094
982123733887096
982123733887079
982123733887093
982123733887092
982123733887156
982123733887072
982123553042085
982123553042187
982123750676639
982123750676638
982123750676640
982123750676644
982123750676642
982123750676641
982123750676643
982123750676645
982123750676646
982123750676647
982123750676650
982123750676652
982123750676654
982123750676651
982123750676653
982123750676649
982123750676648
982123750676655
982123750676656
982123750676659
982123750676658
982123750676657
982123750676665
982123750676664
982123750676661
982123750676666
982123750676662
982123750676663
982123750676669
982123750676668
982123750676670
982123750676667
982123750676671
982123750676672
982123750676674
982123750676673
982123750676678
982123750676676
982123750676677
982123750676660
982123750676681
982123750676686
982123750676687
982123750676682
982123750676680
982123750676683
982123750676684
982123750676685
982123750676675
982123750676690
982123750676688
982123750676695
982123750676697
982123750676696
982123750676693
982123750676691
982123750676698
982123750676689
982123750676692
982123750676694
982123750676706
982123750676699
982123750676702
982123750676701
982123750676710
982123750676709
982123750676707
982123750676700
982123750676708
982123750676703
982123750676705
982123750676704
982123750676712
982123750676721
982123750676719
982123750676713
982123750676714
982123750676722
982123750676716
982123750676715
982123750676718
982123750676711
982123750676720
982123750676724
982123750676717
982123750676723
982123750676740
982123750676745
982123750676737
982123750676742
982123750676739
982123750676743
982123750676736
982123750676744
982123750676738
982123750676741
982123750676732
982123750676733
982123750676730
982123750676729
982123750676731
982123750676726
982123750676735
982123750676727
982123750676734
982123750676728
982123750676725
982123750676748
982123750676749
982123750676747
982123750676751
982123750676750
982123750676746
982123750676757
982123750676758
982123750676755
982123750676756
982123750676753
982123750676752
982123750676754
982123750676767
982123750676766
982123750676765
982123750676769
982123750676761
982123750676764
982123750676759
982123750676768
982123750676760
982123750676772
982123750676775
982123750676777
982123750676778
982123750676776
982123750676773
982123750676774
982123750676770
982123750676771
982123750676781
982123750676779
982123750676787
982123750676782
982123750676784
982123750676786
982123750676785
982123750676783
982123750676788
982123750676780
982123750676789
982123750676790
982123750676797
982123750676801
982123750676794
982123750676792
982123750676805
982123750676795
982123750676798
982123750676804
982123750676799
982123750676791
982123750676802
982123750676800
982123750676803
982123750676796
982123750676793
982123750676806
982123750676825
982123750676824
982123750676820
982123750676813
982123750676807
982123750676823
982123750676817
982123750676819
982123750676822
982123750676818
982123750676811
982123750676821
982123750676809
982123750676812
982123750676808
982123750676810
982123750676827
982123750676828
982123750676836
982123750676835
982123750676837
982123750676832
982123750676831
982123750676829
982123750676830
982123750676833
982123750676834
982123750676839
982123750676838
982123750676840
982123750676848
982123750676845
982123750676842
982123750676849
982123750676850
982123750676853
982123750676854
982123750676852
982123750676844
982123750676851
982123750676843
982123750676847
982123750676841
982123750676846
982123750676857
982123750676855
982123750676856
982123750676858
982123750676873
982123750676874
982123750676875
982123750676866
982123750676869
982123750676867
982123750676870
982123750676871
982123750676878
982123750676865
982123750676862
982123750676864
982123750676859
982123750676861
982123750676863
982123750676860
982123750676884
982123750676877
982123750676876
982123750676881
982123750676879
982123750676883
982123750676880
982123750676885
982123750676887



982123738137121
951000315825456
982123723718482
982123723718452
982123723718439
982123723718425
982123731678761
942000032613580
982123725775117
982123725775092
982123750676679
982123750676763
982123750676762
982123750676816
982123750676815
982123750676872
982123750676868
982091000571477
982123757150832
982091004460312
982123757150841
982123713504117
982123757150856
982123724075845
982123724075846
982123724075847
982123724075849
982123724075850
982123724075851
982123724075852
982123724075853
982123724075879
982123724075895
982123735562463
982123735562464
982123735562465
982123724075823
982123724075824
982123724075828
982123724075829
982123724075830
982123724075831
982123724075832
982123724075834
982123724075836
982123724075837
982123724075838
982123724075839
982123724075840
982123724075841
982123724075842
982123724075843
982123724075844
982123724075802
982123724075803
982123724075804
982123724075805
982123724075806
982123724075808
982123724075811
982123724075812
982123724075813
982123724075815
982123724075816
982123724075817
982123724075818
982123724075819
982123724075820
982123724075822
982123724075774
982123724075775
982123724075776
982123724075780
982123724075781
982123724075784
982123724075785
982123724075788
982123724075789
982123724075791
982123724075795
982123724075796
982123724075797
982123724075798
982123724075799
982123724075800
982123724075801
982123724075761
982123724075762
982123724075764
982123724075767
982123724075768
982123724075769
982123724075770
982123724075771
982123724075772
982123724075773
982123724075810
982123766024473
982123763776813
982123763776814
982123763776815
982123763776816
982123763776812
982123763776811
982123763776809
982123763776810
982123763776792
982123763776793
982123763776794
982123763776791
982123763776796
982123763776795
982123763776797
982123763776798
982123763776799
982123763776800
982123763776804
982123763776802
982123763776801
982123763776806
982123763776803
982123763776805
982123763776807
982123763776808
982123763776790
