982000161226030
982091001181005
982091001181120
982091001181293
982091001181297
982091001181508
982091001194012
982091001194193
982091004615095
982091012647228
982091012769640
982123464414078
982123464414542
982123475146578
982123475146580
982123475146642
982123475146829
982123475146866
982123475146912
982123476954805
982123476954837
982123476954854
982123476954862
982123476954891
982123478534758
982123478534849
982123478534942
982123480992788
982123512779042
982123518698386
982123518698434
982123518698439
982123520571318
982123520571326
982123520571344
982123520571376
982123520571385
982123520571436
982123520571445
982123520571453
982123520571486
982123520571553
982123521771558
982123524486665
982123526230195
982123526230241
982123531951971
982123533468232
982123544234908
982123544234916
982123544234926
982123544234931
982123544234941
982123544234962
982123544234965
982123544234970
982123544234971
982123544234991
982123544235029
982123544235032
982123547153820
982123547153823
982123550752972
982123550753013
982123553042187
982123553042188
982123553042191
982123553042192
982123553042193
982123553042196
982123553042197
982123553042198
982123553042200
982123553042202
982123553042203
982123553042204
982123553042207
982123553042209
982123553042210
982123553042211
982123553042213
982123553042214
982123553042215
982123553042216
982123553042218
982123553042219
982123553042220
982123553042221
982123553042222
982123553042226
982123553042227
982123553042228
982123553042229
982123553042230
982123553042232
982123553042234
982123553042236
982123553042237
982123553042238
982123553042240
982123553042241
982123553042243
982123553042244
982123553042245
982123553042246
982123553042247
982123553042248
982123553042249
982123553042250
982123553042252
982123553042253
982123553042254
982123553042255
982123553042257
982123714450210
982123714450211
982123714450212
982123714450213
982123714450214
982123714450220
982123714450221
982123714450222
982123714450223
982123714450226
982123714450227
982123714450228
982123714450229
982123714450232
982123714450233
982123714450234
982123714450235
982123714450237
982123714450238
982123714450240
982123714450242
982123714450243
982123714450246
982123714450247
982123714450250
982123714450252
982123714450254
982123714450255
982123714450256
982123714450257
982123714450258
982123714450259
982123714450261
982123714450262
982123714450263
982123714450265
982123714450266
982123714450267
982123714450268
982123714450270
982123714450271
982123714450272
982123714450274
982123714450275
982123714450276
982123714450278
982123714450279
982123714450280
982123714450282
982123714450283
982123714450286
982123714450288
982123714450290
982123714450296
982123714450299
982123714450301
982123714450302
982123714450304
982123714450305
982123714450306
982123714450307
982123714450308
982123714450309
982123714829334
982123714829351
982123726496143
982123726496159
982123726496183
982123732446251
982123732446254
982123739089715
982123739089725
982123739089739
982123739089747
982123739089749
