982000161223111
982000161226501
982000164775378
982000183261614
982000189575800
982000189576172
982091000199389
982091000199467
982091000199571
982091001181009
982091001181034
982091001181052
982091001181064
982091001181103
982091001181182
982091001181245
982091001181260
982091001181397
982091001193928
982091001194034
982091001194071
982091001194094
982091004778259
982091004778286
982091004778368
982091004778691
982091004778821
982091012639209
982091012647182
982091012647186
982091012647300
982091012769646
982091012769692
982091012769707
982091014560501
982091014560550
982091014560664
982091014657498
982091014657546
982091014657640
982123456841094
982123456841572
982123464413995
982123464414023
982123464414051
982123464414053
982123464414095
982123464414103
982123464414149
982123464414296
982123464414438
982123464414443
982123475146587
982123475146612
982123475146639
982123475146649
982123475146651
982123475146663
982123475146690
982123475146698
982123475146701
982123475146712
982123475146725
982123475146793
982123475146818
982123475146823
982123475146838
982123475146851
982123475146858
982123475146862
982123475146894
982123475146902
982123475146910
982123475146913
982123476954803
982123476954808
982123476954815
982123476954821
982123476954831
982123476954840
982123476954842
982123476954863
982123476954884
982123476954900
982123478227936
982123478227978
982123478534699
982123478534713
982123478534736
982123478534805
982123478534830
982123478534859
982123478534883
982123478534918
982123478534952
982123478534960
982123478534983
982123478534984
982123478535036
982123478535047
982123478535068
982123478537355
982123478543632
982123478543795
982123478544257
982123478544461
982123478841688
982123482461825
982123485225507
982123485232547
982123510021204
982123510021205
982123510021212
982123512779010
982123512779034
982123512779037
982123518698343
982123518698346
982123518698347
982123518698358
982123518698365
982123518698367
982123518698368
982123518698388
982123518698390
982123518698418
982123518698429
982123518698442
982123518698447
982123518698451
982123518698460
982123520571345
982123520571352
982123520571379
982123520571382
982123520571393
982123520571406
982123520571412
982123520571423
982123520571424
982123520571428
982123520571446
982123520571448
982123520571463
982123520571469
982123520571474
982123520571487
982123520571494
982123520571502
982123520571514
982123520571516
982123520571525
982123520571526
982123520571531
982123520571541
982123520571565
982123521306037
982123521771578
982123524486647
982123524486676
982123526230197
982123526230204
982123530689069
982123530689071
982123531951869
982123531951893
982123531951899
982123531951902
982123531951906
982123531951915
982123531951920
982123531951933
982123531951935
982123531951960
982123531951973
982123531951980
982123531951986
982123531951987
982123531952021
982123531952025
982123531952030
982123531952038
982123531952045
982123531952046
982123531952048
982123533468188
982123533468208
982123544234913
982123544234992
982123546552939
982123550752964
982123550752976
982123550752978
982123550752982
982123550752988
982123550752998
982123550753001
982123550753002
982123553041959
982123553041980
982123553042023
982123714829340
982123714829344
982123714829371
982123714829372
982123726496179
982123726496180
982123732446216
982123732446222
982123732446224
982123732446225
982123732446228
982123732446229
982123732446230
982123732446232
982123732446233
982123732446235
982123732446238
982123732446240
982123732446242
982123732446248
982123732446258
982123739089742
982123739375359
982123739375370
982123739375374
982123739375382
982123739375391
