982000189575912
982091000199513
982091000609658
982091001181053
982091001181120
982091001181297
982091001194066
982091001194085
982091004778268
982091012769640
982091012769725
982091012769836
982091013255393
982123462291516
982123464414199
982123464414542
982123475146569
982123475146578
982123475146652
982123475146675
982123475146784
982123475146803
982123475146825
982123475146860
982123475146890
982123475146937
982123476954829
982123476954858
982123476954867
982123478228407
982123478534777
982123478534797
982123478544789
982123482078426
982123485232960
982123512779042
982123518698378
982123518698401
982123518698409
982123518698445
982123520571322
982123520571325
982123520571329
982123520571330
982123520571343
982123520571350
982123520571385
982123520571399
982123520571427
982123520571431
982123520571433
982123520571461
982123520571475
982123520571488
982123520571497
982123520571523
982123520571532
982123520571537
982123520571552
982123521306030
982123521771558
982123524486638
982123524486664
982123524486665
982123526230203
982123526230272
982123530689050
982123531951864
982123531951870
982123531951871
982123531951905
982123531951909
982123531951917
982123531951940
982123531951974
982123531951977
982123531951990
982123531952012
982123533468195
982123533468232
982123544234895
982123544234916
982123544234931
982123544234971
982123544235010
982123546552935
982123550752996
982123550752999
982123550753007
982123553041958
982123553041965
982123553041966
982123553041971
982123553041975
982123553041977
982123553041978
982123553041979
982123553041981
982123553041982
982123553041985
982123553041990
982123553041993
982123553041995
982123553041996
982123553041998
982123553042004
982123553042007
982123553042017
982123553042022
982123553042028
982123553042029
982123553042031
982123553042033
982123553042048
982123553042049
982123553042059
982123553042063
982123553042070
982123553042071
982123553042075
982123553042078
982123553042080
982123553042082
982123553042089
982123553042100
982123553042104
982123553042105
982123553042108
982123553042112
982123553042113
982123553042115
982123553042117
982123553042121
982123553042122
982123553042123
982123553042130
982123553042133
982123553042134
982123553042140
982123553042148
982123553042151
982123553042152
982123553042192
982123553042193
982123553042200
982123553042203
982123553042204
982123553042213
982123553042214
982123553042215
982123553042216
982123553042220
982123553042226
982123553042228
982123553042230
982123553042232
982123553042234
982123553042238
982123553042241
982123553042243
982123553042245
982123553042248
982123553042254
982123553042257
982123714450210
982123714450212
982123714450214
982123714450221
982123714450223
982123714450229
982123714450233
982123714450246
982123714450247
982123714450252
982123714450256
982123714450261
982123714450265
982123714450268
982123714450278
982123714450283
982123714450290
982123714450302
982123714450304
982123714450308
982123714829326
982123714829334
982123714829356
982123714829365
982123714829367
982123726496143
982123726496177
982123732446223
982123739089715
982123739089749
982123739375368
