982091012162172
982123739375384
982123553042084
982123553042067
982123476954870
982091001181297
982123531951889
982123478534785
982123544234992
982123553041974
982123520571427
982123526230197
982123553042035
982123726496176
982123726496167
982123475146853
982123553042083
982123553042032
982123531952016
982123475146578
982123739375351
982123526230207
982123531952054
982123531951901
982123531951891
982123531951904
982091001193928
982123553042113
982091001181195
982091004778691
982123531951983
982123526230272
982091001208419
982123553042016
982123714450213
982123476954840
982123553042058
982000189575912
982123533468194
982123520571485
982123478508155
982123475146839
982123553042145
982123544234970
982123714450214
982123714450268
982123714450256
982123520571554
982123478535023
982123476954864
982123714450306
982123478535070
982123475146680
982123553041983
982123714450279
982123475146912
982123475146558
982123553042191
982123714829360
982123520571367
982123553041990
982123544234929
982123475146639
982123714829352
982123531952017
982123550753001
982123456841094
982123553041969
982123553042102
982123732446221
982123475146652
982123553042153
982123732446211
982123520571469
982123739375348
982123531951867
982123476954827
982123530689046
982123476954804
982123475146600
982123475146569
982123533468208
982123478544257
982123553042187
982123544234965
982123714450210
982123520571333
982123478534739
982123478534935
982123475146630
982123714450265
982123520571446
982123475146860
982123531951931
982123530689081
982123512779024
982123475146829
982123485232960
982123476954859
982091001194146
982091001181064
982091012769807
982123476954854
982123475146718
982123520571393
982091012769692
982091014560397
982123553042027
982123462291516
982123714450261
982123520571526
982123476954862
982123520571496
982123553041972
982123553042045
982123476954850
982123531952047
982123553042156
982123553042013
982123739375365
982123553042212
982123475146840
982123476954845
982123732446217
982123475146587
982091012639209
982123520571378
982091001181508
982123714450307
982123553042077
982123714450282
982123553042158
982123482078674
982123478534860
982123475146624
982091004778298
982123553042229
982123512779042
982091012769836
982123464414443
982123520571491
982123553041981
982123524486638
982123531951874
982123524486675
982123739375376
982123464414195
982123475146605
982123520571534
982123464414076
982123531952001
982123553042211
982123553042221
982123476954816
982091012769650
982123714450270
982123544234908
982123531952052
982123550752965
982091001180997
982091001181070
982123520571490
982123550752998
982091002159555
982123553042012
982123520571494
982123475146596
982123520571329
982123553042122
982123531951898
982123464414438
982123553042220
982123553042202
982123518698375
982123714450246
982123526230238
982123531951885
982123478228209
982123714450308
982123739375362
982123714829367
982123553042095
982123518698390
982123531951988
982123553042203
982123739089747
982123478534792
982123475146589
982123750660987
982123553041958
982123478534849
982123714450296
982123521771572
982123531952026
982123475146654
982123553042226
982091001194072
982123531952043
982123478534843
982123475146903
982123553042164
982123553042000
982091000609855
982123732446231
982123553041998
982123520571456
982091004778368
982123526230241
982123714829335
982123475146663
982123478535068
982091001181013
982123520571347
982091001181190
982123520571385
982123478534955
982123739375356
982123553042237
982123520571548
982123510021214
982123544234898
982123475146698
982123520571466
982123520571373
982123553042111
982123520571340
982123480992318
982123520571406
982123553042163
982123518698434
982091014657546
982091004778247
982123553041979
982123475146580
982123732446216
982123553042200
982123485225932
982123478534702
982091001193932
982123553042017
982123478534747
982123544234994
982123533468197
982091014560664
982123520571566
982123518698459
982123553042056
982123510021216
982123553042043
982123531951946
982123478543661
982123553041961
982123520571348
982123739375368
982123520571476
982123553041978
982123531952039
982123520571436
982123520571492
982123553042066
982123553042054
982123520571434
982123732446254
982123726496179
982123550752983
982123518698348
982123553041967
982123553042151
982123531951935
982123475146902
982123553042146
982123739375381
982123478534736
982123478543944
982123553042227
982123520571435
982123464414095
982123478534805
982123520571463
982123464414296
982123714450222
982123553042207
982123475146608
982123714450252
982123714450238
982123553042085
982123553042243
982123475146862
982123478535010
982123531951859
982123544234931
982123553042100
982123553042094
982123476954805
982123530689077
982123475146803
982123475146610
982123714829371
982123520571359
982123553041995
982123531951973
982123553042101
982123475146748
982000159019323
982123550753007
982123476954885
982123475146615
982123553041993
982123520571372
982091000199562
982123544234941
982123739375371
982123739375360
982123520571552
982123726496180
982123714450223
982091001193996
982123520571555
982123520571418
982123520571405
982123464414025
982123464414527
982123726496155
982123714829359
982091001194055
982091001194022
982123531952021
982123550752999
982123478534918
982123520571487
982091001181103
982123714829354
982123732446242
982091001194042
982123544235000
982123553042257
982123478534806
982123478537355
982123478227978
982123464414456
982123518698460
982123732446258
982123739375387
982123714450226
982123520571371
982123531951873
982123739375370
982123553042039
982123526230245
982123531952041
982123732446256
982123739375346
982123531951982
982091012647510
982123732446220
982123714450255
982123456839022
982123478534933
982123475146701
982091001181279
982000161226782
982123520571325
982123544235026
982123553042150
982123520571350
982123553042255
982123478534889
982123478535003
982123520571376
982123750661001
982123526230203
982123546552934
982123521306030
982123485232884
982123520571513
982123553042061
982123732446224
982123531951868
982123518698409
982123520571381
982123714829368
982000161226030
982123531952045
982123531951980
982123553042147
982091001181371
982123475146847
982123478535047
982091001194199
982123732446233
982123531951917
982123553042022
982123553041987
982123531951914
982123726496143
982123739375343
982123485225396
982123531952042
982000183261329
982123553042123
982123714450271
982123550752980
982123739375350
982123464414023
982123553042252
982091001194094
982123531951884
982123531952002
982123714829343
982123521306037
982123553042037
982091012647182
982123732446234
982123475146808
982123714450272
982123553042006
982123553042253
982123531952040
982123531951890
982091000124916
982123485225852
982123520571505
982123520571501
982091001194099
982123520571503
982123553042136
982091004778268
982123518698402
982123553042071
982123531951991
982123714829372
982123476954856
982123464414051
982123553042069
982123714450301
982123520571461
982123714450212
982000189576435
982123485225507
982123553042112
982091001181038
982091001194085
982123714829332
982123553042104
982123520571382
982123553041962
982123478534811
982123476954846
982123739375389
982123550752971
982123531951924
982123553042074
982123553042216
982123475146643
982123714829328
982123553042121
982123518698386
982123739089725
982123520571497
982123553042129
982123739089730
982123739375383
982123726496177
982123512779023
982123553042193
982123518698429
982123476954882
982123531951886
982123475146838
982123550752973
982123550753005
982123550752976
982123476954851
982123475146556
982123732446249
982123531952030
982123478543632
982091001181201
982123531951925
982123546552925
982123553042142
982123520571453
982123531951897
982123478227992
982123714450221
982123553041999
982123714450266
982123476954895
982123739089715
982091004778821
982123553041975
982123531951950
982123714450228
982123518698378
982123553042086
982123732446251
982091000609721
982123726496181
982123520571532
982123732446237
982123531952038
982123478535026
982123553042019
982123521771558
982123553041959
982123553042109
982123531951962
982123544235008
982123553042106
982123739089739
982123531952018
982123520571553
982123531951921
982123739089749
982123553042117
982123475146910
982123475146730
982091014560318
982123553042015
982091001181182
982123739375385
982091004778397
982123739375357
982123531951930
982123475146599
982123475146561
982123739375353
982123476954888
982123464414053
982123553042131
982123476954815
982123531952012
982123475146642
982091001194066
982123553042248
982123714829351
982123482078426
982123531951900
982123478534892
982091001181245
982123544234975
982091012639173
982123482461825
982123518698358
982123553042026
982123531951958
982123732446229
982123518698396
982123714450262
982123531951920
982123550752964
982123553042079
982123520571379
982123553041968
982123739375388
982123520571565
982091004778634
982091001205727
982123478534699
982123520571502
982123524486664
982123476954892
982091004778489
982123520571445
982123732446215
982123518698439
982123553042003
982123739375379
982123739375358
982123714450263
982091001181112
982123739375354
982123476954874
982123478534960
982123553042021
982123476954803
982123531951985
982123478534986
982123732446222
982123475146559
982123476954834
982123553042081
982123464414037
982091002159495
982091001194012
982123550752978
982123520571404
982123714450257
982123520571389
982123518698436
982123553042245
982123714829346
982123530689083
982123553042047
982123553042005
982123714450309
982123533468192
982123714450275
982123530689057
982123553042213
982091012769713
982123524486665
982123553042024
982123531951974
982123476954884
982123714450259
982123475146871
982123531951869
982123750660991
982091001205630
982123476954839
982123518698346
982123714829344
982123553042148
982123553042250
982123475146894
982123553042210
982091001194037
982123553042063
982123531951986
982123520571414
982123520571326
982123475146651
982091004778752
982123478534937
982123521771578
982123550752994
982123475146660
982123526230193
982123478534859
982123553042057
982123520571448
982091001181011
982123739375355
982123714829347
982123518698447
982123553042159
982123475146785
982123475146671
982123518698365
982000189576284
982123475146690
982123478534830
982123553042152
982123553042209
982123533468195
982123520571319
982123553042134
982123520571537
982123553042040
982123553042089
982123553042138
982123531951954
982123518698368
982123739375377
982123520571345
982123714450290
982123518698405
982091004778286
982123520571420
982123546552935
982123512779019
982123544234916
982123553042249
982091012647186
982123478534713
982123478535044
982123478228407
982123732446227
982123546552924
982123714829358
982123520571471
982123531951955
982123478534876
982123553041996
982123732446230
982123520571397
982123520571424
982091001194034
982091001181047
982123732446236
982091001181153
982000161223111
982123739375369
982123531951928
982123520571412
982123553042028
982091014657430
982123531951861
982123726496158
982123520571358
982123475146621
982123531951905
982123553042132
982123553042254
982123544234950
982123533468198
982123739375366
982123476954820
982123520571332
982123553042126
982123553042247
982123520571438
982123475146553
982123478543836
982123478227936
982123531952011
982123553042244
982123531951909
982123553042219
982123520571479
982123726496175
982123475146614
982123553042215
982091012769640
982123520571475
982123531951864
982123476954808
982123732446250
982123533468186
982123520571546
982123520571428
982123520571380
982123475146551
982123518698345
982123553041966
982123553041994
982123553042029
982123475146588
982123478534710
982123520571516
982091014657640
982123520571386
982123531951892
982123732446225
982123714450227
982123531951948
982123520571409
982091012769646
982123531951880
982123553042241
982123478534758
982123544234971
982123478537415
982123553042127
982091001181293
982123518698418
982091012639182
982123553042218
982123475146886
982123714450233
982123531951964
982123714450274
982123475146858
982123475146788
982123553041988
982123732446255
982123531952013
982123520571370
982123520571357
982123520571480
982123531951906
982123480992788
982123520571451
982123732446248
982123553042130
982091001194009
982123518698393
982123520571493
982123739089738
982123732446253
982123531951879
982123512779010
982123714829326
982123476954869
982123714450220
982123732446260
982123475146622
982123531952020
982123531951875
982123530689071
982123520571413
982000189575581
982123553042230
982123714450280
982000164775378
982123553042197
982123475146812
982123714450267
982091012162202
982123521771568
982123531951932
982123732446228
982091001181052
982091004615095
982123518698337
982123476954902
982123518698401
982123478534794
982123520571352
982123478534958
982123531952049
982123478534959
982123550752982
982123478534810
982123476954826
982123478534942
982123739375375
982123478535029
982123714450237
982123533468191
982123475146555
982000189576080
982123531951910
982123475146913
982123520571458
982123533468196
982123739375361
982091001181260
982123476954822
982123520571564
982123475146741
982123520571488
982123531951972
982123550752992
982123478544461
982091000199571
982123553042105
982091014560501
982123475146818
982123553042149
982123531951987
982123475146576
982123531951941
982091001181261
982123553042048
982123530689068
982091001181118
982123478544789
982123544234981
982091014657438
982123732446243
982123531951887
982123553042246
982123553042236
982123478534883
982091004778456
982123714829357
982091012769707
982123531951860
982123475146607
982123520571346
982123553042214
982123476954821
982123553042110
982123547153823
982123531951929
982123553042072
982123520571411
982123544234991
982123553042002
982123714450242
982123553042073
982000161226501
982123531952027
982123726496144
982123533468200
982123478535075
982123533468206
982123553042023
982091012769747
982123547153820
982123531951944
982123531952009
982123533468203
982123553041965
982123714450276
982123512779006
982123553042119
982123524486676
982123475146917
982123714829374
982123475146712
982091001181204
982000189575794
982123533468190
982123520571508
982123553042033
982123553042070
982091001181323
982123510021205
982123518698333
982123726496159
982091014657709
982123553042103
982123520571523
982123553042042
982091001181336
982123732446223
982091001194095
982123476954853
982123475146914
982123714450288
982123553042108
982123476954867
982123544235029
982091013255393
982123553042118
982123726496142
982123520571457
982123520571400
982123531951994
982123531951984
982123739375372
982123553042114
982123520571510
982123476954858
982123714450303
982091014560550
982123739375349
982123520571330
982123726496166
982123553042049
982123520571525
982123520571432
982123739375367
982123520571522
982123478543795
982091001194114
982123732446241
982123530689069
982123739375382
982091001181005
982123478534952
982123553041980
982123478535036
982123478534809
982091001181009
982123475146574
982123464414132
982123530689080
982000189576172
982123714450234
982091001194147
982123531952046
982123553042198
982123714450229
982123531952035
982123520571360
982123739375373
982123475146784
982123531951893
982123520571542
982123520571472
982123739375378
982091004778508
982123531952051
982123512779027
982123553041970
982123476954897
982123475146810
982123732446244
982091000197329
982123464414542
982091001194193
982123553042115
982123726496170
982123475146846
982123533468189
982123520571417
982123456841804
982123524486663
982123518698438
982123531951933
982123544234962
982123732446219
982091000199389
982091012769794
982123553042014
982123521771562
982123464414106
982123476954837
982123485225451
982123553042234
982123553042080
982123520571450
982123531952025
982123518698442
982123550752972
982123531952050
982123510021220
982123520571460
982091002159512
982123553042007
982123478535043
982091001181317
982123714450258
982123553041973
982123531951971
982123520571336
982123520571550
982123714829356
982123544234955
982091001194071
982123518698451
982123478534715
982123732446232
982123478534800
982123553041977
982123526230211
982123531952010
982123531951977
982123520571557
982123464414258
982123544235010
982123531951908
982123553042133
982123550752979
982123531951945
982123714450305
982123531952033
982123714450286
982123732446214
982091001182445
982123553042036
982091004778584
982123553042030
982123520571433
982123553042196
982123518698347
982091004778438
982123531951953
982123520571399
982123464414199
982123478535074
982123739375386
982123475146672
982123553042009
982123714829327
982123530689078
982123476954891
982091001181034
982123553042139
982123464414162
982123531951979
982123531951936
982123553042204
982123553042020
982123478534882
982123476954831
982123464414411
982123732446245
982123518698343
982123732446247
982091000199467
982123531952048
982123531951870
982123531951871
982123520571454
982123550753010
982000189576494
982123531952015
982123739375390
982123531951863
982000161226709
982123553042068
982123475146573
982123714450283
982123485232759
982123531951858
982123520571361
982123464414093
982123553042004
982123531951883
982123512779037
982123520571504
982123553042038
982123531951965
982123544234990
982123553042192
982123531951947
982123526230204
982091001194178
982123726496160
982123520571423
982123518698367
982091012647228
982123531952056
982123714829375
982123531951940
982123475146793
982123520571489
982123732446239
982123546552942
982123531951876
982123518698399
982123739089742
982123553042228
982123531952003
982123550753002
982123544234926
982091001194046
982123526230199
982123553042053
982123464414078
982123476954829
982123739375374
982123553042078
982123714450250
982123520571477
982123531951913
982091001181397
982123714450304
982123530689050
982123475146675
982123531951888
982123520571481
982123512779034
982123475146725
982123520571403
982123544234913
982123714829369
982123478534777
982123533468188
982123526230195
982123714450232
982123476954824
982123464414103
982123726496173
982123714450302
982123475146653
982091000609769
982123739375380
982091004778259
982123464414061
982123553042144
982123520571449
982123475146650
982123739375345
982123476954812
982123714829330
982123520571440
982091001194123
982091001194026
982123475146694
982091001181120
982123475146616
982123553042082
982091000609621
982123726496185
982123520571395
982123530689073
982123553042157
982123475146568
982123553041982
982123544235032
982123553042154
982123475146792
982123478841688
982123485232785
982123464414149
982123475146767
982123546552939
982123520571416
982123544234928
982123476954838
982123553042222
982123520571530
982123520571486
982123553042140
982123714829333
982123553041971
982123546552926
982123553042044
982123550752988
982123520571374
982123520571533
982091001181022
982123553042155
982123476954855
982123553042055
982123524486649
982123520571514
982123553042008
982123739375392
982123553042075
982000183261614
982091012769725
982123478534751
982123520571498
982123478534983
982123739375344
982123739089743
982123475146866
982123524486647
982123550752996
982123553042141
982123553042238
982000189575800
982123550753013
982123478534797
982123739375391
982123456838359
982123714829340
982123476954863
982123553042059
982123482959527
982123482461971
982123464414299
982123553042090
982123520571351
982123531951899
982123475146764
982123478534723
982000189576052
982123531951990
982123732446238
982123520571536
982123476954842
982123531952023
982123714450235
982123544234911
982123553042076
982091000609654
982123553041963
982123518698331
982123475146645
982123510021212
982123739375352
982123520571561
982123475146657
982123714450299
982123553042031
982123531951943
982123732446226
982123533468232
982123531951915
982123553041992
982123520571511
982123553041985
982123478535067
982123475146825
982123739375347
982123714450254
982123714829365
982123530689047
982091001193941
982123510021204
982123518698440
982091004778301
982123544234895
982123475146823
982123530689060
982123475146664
982123476954900
982123714450243
982123531952007
982123553042165
982091012647300
982123520571344
982123520571368
982123520571431
982123464413995
982123531952014
982123726496183
982123478534984
982123553042099
982123526230263
982123526230232
982123476954896
982123512779015
982091012647387
982123553042188
982123476954860
982123732446218
982123739089753
982123475146585
982123520571388
982123478543635
982091014657498
982123531951951
982123531951894
982123553041986
982123714829334
982123475146714
982123531951976
982123531951957
982091000609936
982000161226043
982123714450278
982123553042091
982123478535031
982123553042240
982123530689082
982123475146735
982123518698474
982091001181053
982091000199513
982123739375364
982123732446213
982123478534808
982123520571429
982123475146649
982123531952037
982123478534939
982123520571531
982123475146851
982123520571529
982123531951907
982123478534992
982123739375359
982123476954817
982123464414576
982123732446240
982123531951882
982123475146612
982123520571543
982091004778324
982123521306043
982123475146890
982123456841572
982091000610067
982123520571323
982123531951938
982123531951919
982123531951912
982123531951877
982000161226059
982123732446235
982123553042232
982123518698388
982123714450240
982123739375363
982091001180998
982123520571322
982123520571343
982123520571337
982123531951960
982123520571556
982123520571426
982123531951902
982123714450211
982123520571444
982123520571540
982123518698445
982123520571465
982123478534868
982123520571541
982123485232547
982123475146734
982123475146937
982123531951989
982123531951975
982091000609658
982123553042050
982123553042124
982123553042046
982123520571318
982123553041960
982091004778533
982123531951866
982091001194169
982123714450247
982123520571392
982123510021211
982123553042143
982091001206189
982123550752967
982123520571474
