982091004511838
982123739375349
982000159019323
982123739375350
982000189576435
982123739375344
982123732446239
982123739375386
982091004778531
982123739375375
982123464414258
982123739375383
982123464414402
982123739375355
982123480992410
982123739375380
982123546552934
982123739375377
982123478534808
982123739375367
982123714829341
982123739375345
982091004778298
982123739375358
982123739375363
982091001194072
982123739375361
982091001181336
982123739375373
982091001181195
982123739375348
982091001181112
982123739375384
982091001181261
982123739375379
982091001181022
982123739375390
982123475146873
982123750660993
982000189575733
982123739375385
982123518698459
982123739375369
982123518698375
982123750660991
982123464414294
982123739375362
982091012769713
982123739375352
982123478508155
982123739375360
982000161226043
982123739375387
982123456858761
982123750660988
982123485225932
982123739375365
982123485225852
982123739375366
982123476954874
982123739375371
982123475146694
982123739375347
982123510021220
982123739375356
982123553042160
982123739375354
982123553042212
982123739375353
982123750660987
982123553042235
982123739375372
982123714450303
982123739375357
982123750661001
982123739375346
982123553042106
